Aqso Chisq/dof
1.821885 1.176572
1.094841 1.563838
10.393799 10.281537
1.482793 0.737988
4.511102 2.714288
0.734425 1.577187
1.414245 0.720595
0.863370 1.006179
1.738047 0.884913
0.967350 1.985805
0.902870 1.107861
3.347106 0.707625
7.130340 6.766228
5.612862 0.838331
15.826376 1.905094
7.913501 2.062541
7.313267 11.807117
15.407680 4.996609
1.840863 1.264072
2.436163 1.072556
0.999036 1.354683
1.545897 2.132119
2.467429 1.484228
4.064997 1.322815
9.609547 0.715685
4.903302 2.771143
2.264351 0.935264
0.790345 1.103701
0.540435 0.724903
1.031717 0.894369
1.024617 1.738380
1.181863 3.358354
0.327955 0.642613
0.126431 0.954331
11.555113 1.151503
1.891801 0.746682
3.786681 4.559898
1.112301 0.765959
2.791421 1.219882
1.358947 1.229796
1.790609 1.378333
1.405450 0.920945
1.394977 1.260170
1.843504 10.433137
1.758075 1.331745
4.219931 0.733789
2.228233 0.823640
6.346049 4.453480
1.285749 2.703458
4.036528 2.185179
2.311715 1.039910
0.942417 1.425686
2.584719 9.248018
3.809615 6.851717
4.587314 5.618158
3.133250 0.676860
1.930510 2.465542
3.898644 1.862781
1.960877 1.810836
0.495405 2.970164
11.673037 5.085344
2.865271 6.652517
7.042450 4.057839
1.856702 1.675298
1.048231 1.122352
1.966417 6.515722
0.887091 0.884272
3.555342 2.752329
1.315178 4.043534
5.616700 1.093975
2.334403 1.163735
8.858060 1.525577
0.766757 0.677895
4.158093 1.746464
0.988431 0.691197
0.636957 0.574560
1.149582 1.607499
0.577182 0.683861
1.666438 1.739483
2.209136 3.022251
4.814704 1.045312
2.535219 3.769391
0.682309 1.217851
4.019087 1.904144
4.920607 2.346543
0.798283 0.749083
0.523566 1.830892
0.938079 1.129870
16.784102 7.054365
1.559012 1.768858
3.455626 6.585797
2.866437 1.259851
0.615427 0.762063
3.999993 2.400162
0.884726 2.554976
1.489178 1.268724
2.676861 1.294949
1.604521 1.373594
0.783239 1.222431
6.383864 2.638896
3.536856 2.024756
3.567166 4.305931
1.460728 0.803218
2.262866 3.114802
3.716048 4.882263
3.387557 1.031033
1.819408 1.106289
1.350150 0.868564
7.169300 15.647453
1.616375 1.924089
0.852747 1.017406
0.674419 1.803759
3.863705 10.955519
2.021537 3.597126
2.965362 1.797607
2.424891 1.637357
1.832425 0.696882
1.229141 1.067810
1.350914 0.967000
4.500050 1.670349
1.259582 0.827611
1.666600 1.071461
1.521316 0.734678
2.480236 1.746001
1.769133 2.472985
7.904682 4.366380
14.751053 6.759584
5.468662 7.326150
2.959596 4.205873
1.349605 3.109498
10.963892 0.515825
3.131023 5.853862
0.527488 0.660286
1.166602 1.114598
1.653567 0.893713
0.775666 0.707194
0.609853 0.771913
1.037667 1.025613
1.539883 2.619121
1.836156 0.808023
1.590717 0.884872
1.374446 1.124688
0.515998 2.410205
0.976371 1.094603
14.900205 4.166070
4.767899 0.869921
0.518929 1.761955
2.250933 1.343117
1.747195 4.137408
6.785725 1.006725
5.409493 52.529638
3.317681 3.821140
0.306946 1.449033
3.208395 14.155795
1.659939 0.919804
5.273156 3.598447
1.404483 0.667116
10.261327 1.135239
1.371905 1.526599
3.208438 2.522561
2.377323 2.304290
9.226447 1.160420
1.378478 0.809794
2.475257 2.574180
3.133451 1.118239
0.787055 0.805738
2.465959 1.234357
1.961210 3.504297
0.781604 9.745697
3.542576 1.145148
0.381531 3.879363
3.986380 2.186500
2.535307 6.768022
1.285691 1.210796
0.381584 1.161608
1.121097 1.142396
4.871385 8.152381
0.704738 1.190386
3.328128 1.710820
1.182490 1.479399
1.099231 1.343658
0.689686 1.062549
2.772018 1.360947
1.953560 1.211273
2.444415 1.006735
2.459289 0.554450
2.180641 1.619247
1.734218 3.246807
3.779387 2.222459
1.574829 0.896920
0.984271 6.998384
1.669538 2.267616
0.940350 1.098630
1.031804 0.834434
1.968697 1.869250
2.572213 4.886294
5.032785 10.731140
2.122484 3.963915
1.089454 1.418285
2.589685 2.594072
0.983137 0.671264
1.028494 1.571454
1.433223 1.149550
3.489994 1.349266
1.002727 1.801679
3.978877 4.049440
2.963022 4.856898
1.229037 0.807174
1.378816 0.822743
2.907721 6.989253
0.968066 2.753378
1.612896 0.599064
1.871452 0.924261
1.081526 1.267312
0.662088 0.665413
3.409705 3.363171
5.193540 6.492909
0.718449 0.943093
4.033891 1.481245
0.945022 1.332430
4.731715 1.323817
2.159062 0.538349
0.226788 0.740933
1.103569 2.566446
1.391469 0.593184
0.444290 1.427867
1.966548 0.888780
11.838218 0.978411
0.727971 0.880384
6.485772 1.583420
0.758093 1.111651
3.784638 2.664117
2.601543 0.736058
1.085023 1.888464
4.304530 32.424719
2.407028 1.801859
3.996923 0.984532
5.140479 4.825525
0.816006 1.217286
2.882044 12.598503
1.909910 0.903574
0.617059 0.898624
1.869940 1.762075
0.963671 1.154088
5.528934 3.720050
0.834347 1.132845
3.008797 1.841799
13.819409 2.592609
1.847220 1.501634
3.668923 0.906329
4.662832 6.175299
1.689421 0.996757
1.072088 0.818910
1.593467 2.180449
1.007604 1.119935
5.627759 1.189035
0.838369 1.330903
0.508613 0.671248
0.183353 0.829125
2.373175 0.836037
4.561876 1.037781
3.750873 1.606103
2.501745 0.896778
0.576967 0.932260
5.096930 4.053123
5.255478 1.914874
1.392952 1.237159
1.429584 1.026159
0.870434 1.385757
3.312867 16.236568
2.865538 1.180863
3.521670 2.329004
3.826550 0.922222
4.885807 1.782119
1.322907 3.840933
2.186008 2.675760
1.601356 7.791244
1.002683 0.842242
0.803482 1.181056
1.378657 1.028328
1.005305 0.988299
3.040984 28.792845
1.577220 1.193385
6.621034 4.772794
2.814995 1.759506
1.215729 1.019702
0.824653 1.574087
0.848122 0.867136
1.102601 4.586324
15.593652 6.884491
2.047493 0.651832
1.031229 1.520806
0.862517 0.717632
1.361700 0.717652
1.166954 0.876218
1.835590 0.930081
3.127217 0.735466
7.035057 26.142841
5.027445 3.443958
1.373721 1.144699
1.002731 1.618476
5.004916 8.573297
2.127337 1.936643
1.637714 1.246624
2.301204 2.386523
2.213440 1.171541
0.415992 2.561668
2.309420 1.597205
3.522156 1.298681
4.353805 0.991635
1.057170 1.481043
1.258528 1.772886
1.228722 0.734318
6.428542 18.498167
0.705311 0.708245
6.503295 0.818445
3.657477 3.271883
1.960355 1.209860
1.444615 2.237601
1.156702 0.966681
2.012545 11.770000
1.375877 1.731328
0.441237 2.369656
1.366060 2.318175
1.134341 1.519513
2.040553 0.834383
1.195957 1.576423
4.691461 4.619577
1.548706 1.175349
1.163613 1.014911
3.965675 2.545871
2.270611 1.173099
0.856169 0.929697
1.172245 2.086940
1.752597 1.194482
3.359437 0.852330
1.212874 0.663327
1.463678 0.865925
0.653581 0.650995
0.599586 1.480441
3.591100 5.525640
2.835982 4.758926
0.604249 1.563533
1.516797 0.784941
12.547383 23.637710
2.164703 1.754531
1.588760 5.332586
0.680102 0.952850
5.205811 0.429488
1.489676 1.299843
0.821045 1.290873
3.888429 1.196930
1.127108 1.959012
1.282070 1.276091
17.581602 4.259719
2.843817 0.783517
1.138168 1.764601
2.450961 1.254614
3.135933 0.925825
1.093277 5.384595
1.983930 1.044373
2.469857 0.854331
2.322529 1.377799
1.750503 1.455220
2.868348 2.773807
5.674390 0.948175
0.766801 1.991731
2.112237 0.835650
0.810135 1.058898
2.035389 1.926046
8.785789 128.861474
1.072021 0.654024
1.757039 1.251432
6.552039 3.189460
2.510212 1.263648
1.791294 1.794927
1.847268 2.679505
1.895098 3.916723
0.951030 1.268908
2.869700 1.054492
1.776022 3.632956
2.613335 1.057794
0.803585 0.765670
2.628909 0.902865
1.685479 1.211346
1.663122 0.957529
4.984645 3.223642
1.153009 0.786084
0.760914 1.112987
3.968432 4.045882
2.396499 1.302721
0.807542 1.055858
1.390833 1.044603
0.889475 0.674890
1.473524 0.952819
1.671656 1.614858
0.411903 0.535816
1.902844 1.093547
0.555705 0.754433
0.715620 0.925721
0.886312 0.800871
3.054560 1.948129
2.596792 1.283424
1.842976 0.864463
5.490550 2.136882
2.425858 4.069144
0.703886 0.965272
2.678438 1.157875
0.856992 0.671032
3.739409 1.078600
1.455088 0.679510
3.189189 1.370038
3.172521 6.809351
1.082331 1.131094
0.999504 1.666191
1.028814 0.699595
6.611693 1.972840
6.934953 35.065598
3.816283 9.864725
0.996694 0.758918
1.201468 1.263444
1.078863 1.645306
2.096852 0.726061
4.411787 5.431451
10.255357 4.900308
5.564310 3.191582
1.767844 7.271497
1.886424 6.349852
1.498590 0.933900
1.035582 1.282946
3.905403 1.277992
0.681797 1.327271
0.909444 0.798344
1.352427 1.137163
3.690599 0.753627
1.198002 6.324856
1.803829 0.579493
1.609226 1.430123
4.841871 12.997748
2.847665 4.408985
0.354405 1.990565
2.326527 2.702155
2.229019 4.657039
2.369821 2.463612
4.326381 1.256876
1.064043 3.489606
3.930381 1.811877
3.788421 1.095342
2.356979 1.994962
2.159706 1.335456
3.186184 0.715110
3.303413 1.661859
1.710207 2.059550
3.416010 5.345607
2.475167 0.572090
1.233802 1.718400
1.765290 1.028021
3.192211 0.911144
1.146644 0.849691
3.110087 1.495894
0.547243 0.695239
0.894277 1.417122
0.663057 1.351176
0.647787 0.735516
14.709566 0.406571
1.696348 2.186406
0.640475 1.558273
0.919961 1.230444
4.131259 1.349876
2.911281 1.828425
3.310316 1.221005
1.480754 1.017427
3.230996 2.622216
2.035786 0.915779
3.780190 1.966070
1.593852 0.551468
1.261566 1.035452
1.483877 1.615182
0.633787 1.049589
1.019488 0.860094
1.729758 5.051371
3.605171 2.482161
0.303493 1.530494
1.294007 0.848486
0.535583 0.343668
2.209149 0.845779
4.700765 9.001035
2.114263 1.594145
18.494119 11.844305
3.966897 2.859880
3.067216 4.244834
1.622176 3.055614
5.634313 18.406703
9.158030 35.948182
3.699960 1.386962
0.601744 0.500789
1.600045 3.879946
1.486899 1.320384
0.724216 0.616669
1.477035 1.229733
12.680959 2.260866
1.009931 0.694721
1.735287 1.350136
9.435067 7.098094
1.390409 2.819627
5.620280 2.565555
1.483002 0.691511
2.161995 1.295753
1.894137 3.859066
1.834183 0.906296
0.552679 0.929828
1.005842 1.670352
1.103047 1.343722
3.727460 4.637026
1.476647 2.519403
5.012307 0.850952
0.655289 2.546807
1.372861 2.190403
0.920153 3.513056
0.950500 2.321565
3.259859 0.768040
1.615184 2.125587
2.022206 7.595331
3.296953 0.970967
3.663785 5.277834
2.159720 0.800349
3.530590 12.344981
2.640311 1.808826
6.676940 0.358338
6.060067 2.979426
3.148194 6.125677
4.262330 3.283785
2.323947 2.103989
4.447065 1.304628
1.057582 0.867430
0.825668 1.402010
3.600917 1.548725
1.563426 0.747289
8.019244 4.539527
3.114521 7.298969
1.931831 0.653903
9.136444 11.714072
3.911835 3.704280
6.775294 2.113346
1.074570 0.489761
2.164560 1.674036
4.779142 1.070716
16.331379 13.415695
1.341121 0.468435
4.511784 1.327638
0.855738 0.969538
2.597444 9.119880
1.344637 3.555202
0.644628 1.226739
5.041439 1.206850
1.720427 1.043818
1.733712 15.340118
0.632899 0.883749
1.415369 1.272727
0.727032 1.411914
0.840142 0.506414
1.238835 4.583168
2.124407 1.654519
0.624734 1.935958
0.916199 1.118797
0.879093 0.685573
2.097522 4.621755
0.298326 0.666751
1.209315 0.693663
1.059717 1.027968
3.714744 1.633762
5.373661 0.872214
2.812833 1.112040
1.046699 0.963751
6.807829 5.067524
12.171264 4.219214
3.982384 1.402770
1.395774 2.915453
1.686585 2.319699
3.854979 5.990495
7.063615 5.710217
2.261111 1.043123
6.051847 0.269320
0.603285 1.249042
1.817923 0.601076
1.498956 0.547152
1.346395 1.232072
1.636033 1.478406
1.534793 1.496977
0.416413 1.338402
0.694895 0.688955
1.164795 0.896174
7.488000 66.286877
1.209605 1.317673
1.226545 2.349252
2.779834 0.915360
1.730072 1.615197
6.087898 4.193177
2.087555 1.206779
1.870907 0.865859
27.904733 3.003206
1.901726 5.156376
0.909245 1.592976
2.123718 4.021788
1.919681 1.144992
2.433470 2.778312
4.882033 10.530135
2.116568 19.006115
2.150055 1.452327
7.183803 0.577117
2.613631 5.196241
1.303758 1.806589
7.035815 4.436656
2.629136 0.811535
-5.492314 18.185229
0.553201 0.747362
7.862456 5.382561
1.911735 1.094795
5.160835 1.437200
1.000106 2.633639
3.993637 2.040469
0.852237 0.742621
6.057483 2.037270
1.652823 1.896907
1.086301 0.854733
1.011465 1.124269
2.525071 1.952808
4.999638 1.752713
1.004423 3.719010
0.950209 2.648255
1.859409 6.343598
0.804285 0.793894
2.401271 2.845759
1.906495 0.964926
1.884671 1.482227
1.293450 1.258204
1.143020 1.650956
1.199290 0.545257
3.771385 3.015316
1.058797 0.877482
5.268957 1.726792
0.906078 0.803524
3.197302 0.743724
1.258188 0.815571
0.767410 1.706598
6.283867 3.899122
3.572594 1.124012
2.424673 6.185620
10.693960 1.725500
1.271977 0.871138
2.968945 0.842303
1.923774 1.059069
4.982908 2.643465
1.994657 1.186879
6.796951 3.552518
1.148213 1.155291
3.008271 5.291005
1.943014 0.592939
2.375480 3.137000
0.678453 2.453827
0.719971 1.940339
2.031700 2.633512
1.087387 2.161945
0.916548 0.997962
0.804169 1.100163
0.944678 0.828807
5.983010 1.305181
0.849242 2.302976
1.606054 1.016779
2.589159 1.449160
2.854864 2.313681
0.251080 1.952987
2.848678 4.250203
2.229098 0.993280
1.582418 4.419083
1.211320 0.650222
2.427364 2.733381
14.187986 109.839382
1.994472 3.408730
3.320458 0.864404
1.747012 2.730509
3.259143 0.514026
2.353088 5.527246
0.695168 0.826803
2.367300 1.350975
3.020145 0.532202
2.398773 1.439855
0.839797 1.022259
1.040845 0.809765
6.432034 8.573251
10.004408 1.321541
7.456355 2.637953
4.136954 2.778778
1.064565 2.321960
4.640071 1.355128
2.570918 1.050326
0.982886 2.775599
2.004093 1.449769
0.374091 1.584846
0.677895 0.556653
6.643699 1.125863
11.592216 1.045153
6.509181 3.745071
2.536044 2.363789
1.628144 1.182478
8.233000 186.568205
3.619108 0.712640
2.171259 3.709056
2.227196 0.882194
1.315283 0.866536
1.015271 1.147586
2.769757 1.839749
0.538469 0.544564
8.104356 1.671615
2.159869 1.154024
2.299333 4.563578
8.819815 5.018610
1.332624 0.966069
7.302659 2.658817
1.295891 0.961806
0.503099 0.595915
0.816018 1.055702
0.914609 0.674864
2.703337 7.371748
0.417108 0.860724
1.092550 0.763928
2.159137 1.030185
3.549898 0.666114
3.205119 1.832765
1.334148 5.267668
0.852537 0.818551
4.076684 1.296716
1.698010 1.218989
5.184754 1.183503
0.845390 0.684845
0.608453 2.420829
1.439224 2.235286
2.265919 1.213297
2.746468 3.128887
2.154249 1.602521
5.160968 2.749991
0.854038 2.156989
0.770772 0.800371
1.347745 0.915790
3.565177 0.879241
0.259704 0.772280
1.348777 1.245856
0.455525 1.621321
2.231204 1.651045
3.513625 3.572070
0.955537 2.202204
3.331281 1.987941
1.038915 1.206330
1.598479 2.362674
0.754218 1.226759
2.021854 1.281543
0.817411 0.947888
1.125676 2.554754
0.959852 1.212961
1.209021 1.232157
0.611879 0.828634
4.152197 1.376374
1.085257 2.893123
0.633771 1.191311
0.437380 0.749584
1.045027 3.370399
3.623362 5.157888
3.543441 2.087215
2.977654 1.351067
8.453909 1.581025
2.750945 1.093323
1.097741 1.215401
1.090659 0.897031
1.532144 2.154784
0.458784 1.780016
4.503841 2.147952
2.226082 19.533750
1.086083 0.836824
3.676562 1.412350
3.194146 0.765013
0.696956 0.776297
1.425899 0.978134
0.743946 1.472164
2.897200 3.119917
16.789058 0.870552
2.520510 2.263596
7.393219 1.627126
6.946492 2.492034
1.863391 1.996757
3.973705 0.733411
1.865140 0.861606
0.474462 1.906982
2.677692 1.095751
0.922983 0.893020
1.355711 0.864636
3.282815 1.700320
0.802827 1.396001
2.911422 4.859893
1.460965 1.036999
5.580399 6.751428
3.674431 0.791663
1.342341 1.202198
1.703856 1.980575
23.067019 2.059135
2.457678 1.087947
1.673583 1.210843
5.311386 3.288991
6.201695 2.660228
3.709398 3.304641
1.079929 0.719945
1.801422 3.737293
0.572001 0.761786
0.380777 2.573744
0.756218 1.307836
3.684868 1.101289
4.777580 2.050376
2.097612 2.444864
2.362917 2.315109
2.667265 1.593760
0.883216 1.844566
1.847535 1.477635
1.618421 2.624367
3.472694 0.687153
0.943079 0.813691
3.095777 0.937125
2.701383 4.271726
6.923033 1.063578
3.493557 4.398453
1.306096 1.480996
0.866986 3.508806
1.235499 0.806027
1.313515 1.340590
1.572904 0.770099
0.345880 0.955322
0.961646 1.698959
8.696394 0.616666
1.383296 0.962330
1.633041 2.507892
0.506988 0.993807
0.662947 2.590333
3.459071 2.281269
1.501401 1.995480
0.933654 3.704492
1.595462 0.700952
0.727504 0.985020
1.746792 2.551305
1.386011 2.356988
2.170741 1.470905
1.853266 1.305090
1.785718 1.860266
3.641595 1.340192
0.658845 0.778884
0.749496 5.495295
1.323429 1.870937
1.619516 7.951062
2.957553 7.243746
1.008025 0.668966
0.454264 0.840985
2.389886 0.934784
4.199516 1.416622
0.312514 0.797167
1.788475 1.561236
2.103008 1.002715
2.887895 5.423406
0.992925 1.207680
1.737433 0.685401
2.271522 3.315101
5.308832 7.205154
1.651616 4.320274
0.867193 1.271385
2.472821 0.588316
1.094447 1.420704
5.920697 11.621123
0.991588 1.964424
1.864934 0.940787
1.603596 1.198649
2.017941 0.770034
10.690332 2.566352
0.295101 2.493942
2.938535 2.271623
1.356883 2.173979
1.491342 1.438738
3.595481 3.010791
1.065652 1.336040
1.063357 1.050045
9.492080 1.199872
11.230225 2.195340
1.222247 4.077046
1.042966 0.750050
3.570802 2.178032
1.222395 0.999453
1.719980 1.378119
5.094044 24.924310
1.240567 0.404073
1.401694 2.875542
1.741581 0.594570
1.255617 1.083385
2.331426 1.088675
1.536480 1.660094
1.553625 1.823094
0.969466 0.946332
2.219772 4.394598
0.438966 0.449924
0.959105 1.880773
12.395528 1.792516
3.108489 1.089536
0.917128 0.719765
1.238428 1.745078
2.429147 0.573564
0.747103 1.087422
0.511884 1.199950
1.429296 5.649404
2.796648 1.582879
5.027977 11.855654
0.613528 1.064969
11.232275 5.116794
1.985759 0.710824
1.294091 8.637389
0.862011 4.166231
1.020870 2.434391
1.172987 1.715683
0.958131 0.946979
1.400763 0.985295
0.941437 0.622538
3.162003 0.796073
0.847885 1.532380
1.509113 6.120150
0.217796 0.605620
2.769912 1.255767
1.939118 1.111677
1.103595 0.991673
0.545157 0.963114
1.116169 1.484731
1.402261 0.980076
5.664618 6.447627
2.564076 4.731745
2.650158 1.796047
3.229564 0.659028
0.798035 0.928453
1.298308 1.333681
2.413002 5.175739
2.301994 0.852399
2.812791 0.973498
1.499465 4.223471
2.865411 3.268304
0.335157 0.978068
0.847142 0.929730
3.747827 1.623638
4.429501 1.747267
0.547775 0.795551
1.635063 1.872411
1.303921 0.863348
0.873220 0.851391
4.402386 3.130389
1.003074 0.914137
1.838739 1.608425
3.023068 1.603760
2.681267 0.809582
0.673908 1.236838
5.781754 16.643422
5.361909 48.912543
1.856598 1.382084
1.822671 1.404280
0.474532 0.842552
1.491753 1.284636
1.506379 2.069051
1.851913 2.192680
8.000366 8.216262
2.300528 1.710039
1.773626 18.205405
1.210413 2.498740
3.808599 1.862216
1.911458 1.441801
1.270715 2.243997
1.860263 1.457528
4.034062 3.405231
2.518451 1.232372
1.232631 0.677147
0.841109 0.886493
0.569242 0.702999
5.500686 25.798716
6.069560 1.164698
2.404817 17.890267
5.571487 31.757404
3.197208 1.609121
4.307375 0.951014
1.612551 2.711273
3.424673 1.193937
1.356160 1.132979
1.173362 8.847215
1.824893 1.262998
1.519754 1.149112
1.109902 2.221786
2.647353 1.585001
5.094235 1.156947
3.961943 1.228915
0.803542 1.208212
2.144156 1.545295
3.341762 1.510783
3.281005 0.826426
1.686144 1.780641
1.279082 1.408869
1.172118 0.984829
1.736476 1.674648
3.284697 0.778503
2.031557 2.501131
0.553255 1.209079
2.398669 0.841063
3.237993 1.529439
4.342272 1.189034
0.445159 1.074880
1.414402 1.527614
5.001738 3.910355
1.702889 1.336439
8.907219 3.893647
1.335689 1.589868
3.355773 8.348926
1.819706 1.021334
0.958616 5.124753
1.920888 1.249164
1.451893 1.059356
1.491203 3.504384
1.102294 0.565688
3.644105 15.165664
1.541174 0.972562
1.562188 0.686091
1.376128 0.966603
0.461582 0.771431
1.312549 1.144213
2.335455 1.059701
5.797930 2.207814
2.084632 8.550737
2.024595 0.846405
1.204240 2.418298
0.869368 0.775877
1.040582 0.730181
7.279707 2.618282
4.910901 2.929120
1.496000 1.580294
1.578295 1.877201
1.265197 3.078115
1.949618 5.261048
2.666792 3.064824
1.536564 2.540492
2.241740 1.931118
0.866896 0.956501
3.336294 1.500595
0.578075 0.699307
0.940499 1.058741
0.448050 0.694900
3.801827 41.983904
1.726766 4.834712
2.094872 2.427222
0.458230 0.724221
1.386984 1.959249
3.072364 2.162759
2.775119 1.513568
1.435442 4.419940
0.528060 0.607052
1.094562 0.757077
0.746073 1.321335
1.340803 1.251259
7.990231 1.612077
0.909262 0.631520
1.891692 2.336032
5.043943 2.052176
3.926704 2.083298
2.392412 1.292758
1.461049 0.721815
7.134988 1.095587
1.029828 1.742759
5.869225 13.632870
2.695767 0.989715
1.001110 1.786888
0.954783 0.748123
1.244222 3.827559
0.492064 0.612982
1.828823 7.214002
1.450942 0.544874
5.464066 4.683687
5.321841 1.020522
1.320013 1.873926
1.468561 3.171060
6.705696 2.479591
1.808795 0.572161
1.302946 1.101591
3.060569 0.849021
1.864797 3.095221
0.705734 1.628224
2.020292 2.615724
0.583778 1.041669
3.793056 6.838681
7.764994 2.090628
1.785702 4.569848
1.827597 4.364606
1.609752 1.525106
1.296368 2.595885
13.166304 3.158461
2.348445 2.981070
4.535167 6.160438
1.215899 0.952371
1.510615 1.766064
1.393175 11.012645
5.057255 3.051841
0.720832 0.957631
1.067389 0.988553
1.403782 1.699441
5.758357 1.267367
1.562352 1.195724
1.415375 0.993711
0.736972 0.990510
2.174711 0.859900
7.330466 1.015283
1.302490 0.955519
4.000197 3.962469
1.921285 2.995476
1.217592 0.964599
5.763618 24.790016
1.237562 2.321291
1.236711 0.901815
1.125736 1.433912
2.427939 1.535409
3.990480 3.007146
1.834638 3.830520
2.005791 2.249936
0.873867 1.384510
0.866364 1.648827
1.193866 4.358636
0.598505 0.918313
1.156976 2.368384
1.722252 3.047681
1.155639 0.588609
2.329321 2.527168
14.334856 1.453214
1.284680 1.427003
0.557388 1.275363
2.351076 1.459473
1.432103 4.727778
8.854290 1.416459
2.212246 2.378552
1.570223 8.846858
1.409598 0.968729
4.810291 62.204461
0.979269 1.618981
10.949248 1.813902
2.497821 1.777476
1.451224 1.406001
2.059197 1.348379
1.069939 0.584719
1.750499 0.761109
0.823704 0.970481
2.233365 0.981817
1.383736 1.059050
3.281028 2.729723
1.093511 0.721859
1.335322 1.988787
1.005016 0.796489
1.664212 5.034845
0.701188 0.762636
1.059000 0.762116
0.351488 1.039303
0.914909 1.362118
4.470153 1.761480
0.938225 0.658616
7.520068 6.290484
3.803389 0.526097
1.700861 0.720138
2.660588 1.036697
3.697865 13.166593
4.606623 2.534056
2.150461 1.907383
4.232163 0.794653
2.346898 0.983874
3.606385 1.101174
38.023485 0.947319
1.774988 0.875017
1.875652 0.826511
3.092487 1.487826
1.460130 1.390888
0.986300 1.246454
0.618902 1.443695
0.848025 0.773654
0.974424 1.124975
0.846354 1.347909
1.801052 2.100108
1.443340 4.676472
0.501141 0.802463
1.459420 1.329543
7.605372 1.861497
1.829948 1.241902
1.381052 2.256690
0.724212 1.250817
3.572283 1.851563
2.354218 4.544573
1.617604 1.135474
0.505767 1.852293
2.213221 1.115605
1.066309 1.082707
2.695612 1.216089
0.988027 0.517636
5.836606 1.179564
2.796422 1.354432
1.150504 1.220965
0.996363 0.967389
3.916847 11.120966
1.389597 4.045992
1.117723 1.663539
1.601847 1.179220
1.023645 3.070485
6.361806 2.590159
2.072912 3.872576
0.836186 0.792806
0.638143 0.991552
2.610134 4.058005
2.626468 0.989232
3.267050 1.774532
1.530995 0.895059
1.424268 1.055516
3.558405 2.696868
1.000017 2.018172
0.830903 1.813458
0.573247 1.243659
3.672691 0.902043
1.535533 0.712718
0.916192 0.819053
1.549702 1.271584
1.758802 0.998633
0.959505 0.941130
3.029081 7.610620
0.836143 1.042712
3.231888 1.238139
1.015417 0.863799
2.315963 0.636574
5.685555 1.247039
2.126209 2.709984
3.058058 0.801598
4.351945 1.018224
4.015243 1.943864
0.870909 1.296566
1.428520 1.220520
7.359193 2.397549
2.049563 3.038548
1.502025 3.372088
3.758921 1.685157
10.200943 1.467999
2.207654 10.159848
0.969850 3.872333
1.465951 1.782834
1.618887 1.483474
3.240270 1.554611
0.887950 2.651399
5.275832 26.493603
0.604031 0.832404
1.042714 1.380608
0.663938 0.698601
4.892893 1.212635
1.075602 1.663542
0.822480 0.798162
1.097968 1.431927
1.298867 1.011577
7.548679 5.657670
1.489100 1.129952
1.006664 0.599376
6.269289 4.221581
2.480882 1.271614
1.575284 1.034496
1.441420 1.097279
0.906524 1.820970
1.239459 1.002648
1.150251 1.708927
0.355068 0.881159
0.856871 0.830811
3.556805 4.051532
0.960031 1.916142
1.577775 3.039826
2.536553 9.671329
1.248224 0.425017
0.633774 0.639359
2.435729 0.911678
1.351479 1.328200
0.593901 0.531410
1.107578 2.306818
2.107303 2.828603
1.937668 4.747908
2.704218 0.993091
1.370055 1.115836
3.495595 1.174664
1.043942 1.061668
5.081149 1.546448
3.529788 1.977500
4.105407 12.930011
1.025315 3.238345
1.642832 1.786356
1.852382 3.100779
0.818532 1.877303
0.939847 1.370595
2.836755 3.503189
1.374367 0.931549
1.192680 0.847955
1.936132 0.887099
6.495421 8.139485
3.569475 1.115855
0.946474 1.396187
0.650362 1.174261
1.766191 4.512046
0.899590 1.406783
1.091010 1.457803
3.592356 1.131988
1.050998 1.006516
0.983632 2.520171
9.119800 1.959790
0.828512 1.528482
1.783734 3.007212
0.470919 0.900544
7.153846 2.252630
2.578543 0.781642
0.221858 1.507121
2.094631 1.555081
6.867539 1.070040
10.396500 29.137068
0.795655 0.613284
4.842014 32.663853
5.703265 1.857753
2.377639 0.974147
3.250877 0.829851
1.276777 1.003409
2.256940 19.099353
1.424402 3.716472
9.378368 1.027627
0.874698 1.311849
1.515500 1.387265
12.421194 2.150218
6.363346 1.687427
0.680242 0.753465
2.417944 0.920628
1.343740 1.677116
6.763106 3.862491
2.288692 0.844070
1.299161 1.440720
6.836820 5.127280
3.027486 0.963315
1.358172 1.092332
4.177599 3.960511
4.230017 14.601065
1.079825 0.646121
2.687464 2.603063
2.864332 1.310001
0.466339 0.655885
3.852276 1.220526
0.924819 3.402735
0.988731 0.988928
3.374924 1.357039
1.076278 0.696485
1.004761 1.437499
0.772110 2.361272
8.879276 1.199036
0.839212 1.092708
4.617852 0.915830
2.339157 1.179912
3.472596 2.263340
3.293219 2.613212
2.327578 1.283215
2.003898 1.493976
2.718749 1.274256
2.185176 5.151889
6.294012 2.548380
1.054545 2.576032
1.446455 24.030170
5.544140 2.432985
0.779885 1.513153
4.320312 3.623714
0.867299 1.174684
0.930943 0.945129
2.134109 3.864219
1.106962 0.660826
0.756616 0.426092
0.661383 1.218523
2.130961 0.824561
1.108450 0.923590
4.561366 1.076660
1.170708 1.701965
5.840156 1.350464
1.621877 2.384875
0.605892 1.040835
0.733481 0.792456
1.347006 2.463535
2.910889 1.417391
0.953341 1.116948
0.818477 1.659579
14.907926 10.989801
10.090653 2.273949
2.646109 0.852696
0.890342 2.337593
1.288405 1.064127
0.658571 0.779303
5.994828 2.746076
0.546179 0.947472
10.154571 5.693541
2.244933 1.644572
4.122062 1.454833
2.507139 0.984990
0.699977 1.099283
1.810283 2.322774
0.713979 0.797696
2.276431 3.595963
1.219597 0.894270
1.135648 2.297239
2.691506 1.375072
1.813814 1.710025
4.359384 16.177861
1.270681 0.866392
3.520896 0.859376
15.470737 1.786438
0.607189 2.077327
4.636031 1.462805
2.882216 4.170316
0.688953 1.234568
0.935729 0.865969
0.897632 1.883427
1.911350 1.914314
16.815399 16.069245
3.149465 3.319647
1.423006 5.601898
0.469864 1.307728
1.114657 4.659160
1.261413 1.082141
8.432697 3.199195
10.582241 2.029374
0.213260 1.910690
1.852606 1.950193
0.947663 1.383282
1.803332 3.008994
1.225410 0.630694
1.217142 1.971131
2.013675 0.961754
3.893928 2.850322
2.760946 1.146206
0.974964 0.739704
3.156327 0.927777
33.553337 9.008181
3.239287 1.529186
1.031570 1.318695
1.848976 2.936707
0.367211 1.263583
0.644254 0.778278
1.418604 3.867489
1.333713 3.163898
4.195371 0.923185
1.768932 4.143879
1.501043 2.358112
7.302890 2.726643
5.557116 1.108058
5.780344 7.640917
1.491439 1.470865
2.696312 1.315921
2.006543 5.245352
0.549520 0.782028
0.691442 0.839842
1.610641 1.949088
1.632632 2.362324
1.323228 5.874119
1.564676 2.361539
3.373362 1.473648
4.231176 4.857675
3.871510 1.120315
1.588454 1.064831
2.248920 0.752301
1.832373 1.258630
2.369943 2.976129
1.197521 2.868917
3.102372 1.227301
2.192286 0.772115
2.015773 2.902877
0.708050 2.101744
0.369180 1.076127
1.315139 0.894897
3.891017 1.069462
2.006466 3.584243
1.402533 0.856602
3.053064 3.105036
2.014275 0.962206
7.499578 10.174788
1.303878 1.308162
1.679646 9.952526
0.755393 0.871463
9.094106 2.930544
1.725606 6.176910
1.604827 3.051579
0.364699 1.834844
1.061317 2.543678
1.423522 1.195422
0.563761 1.036102
1.847855 9.699516
0.784989 1.534268
1.773243 0.925010
3.353433 5.834514
1.745927 0.690329
1.589258 0.974965
1.680307 0.812897
5.734200 7.424567
1.872567 1.440790
3.755546 3.391220
14.408127 9.485868
3.606969 1.197145
1.632940 1.483041
1.553432 1.319749
2.824207 4.426250
0.759306 0.672972
2.725742 1.726018
2.401088 4.537139
0.827060 1.367649
0.298260 0.919646
0.812794 1.126306
1.469559 6.342064
1.751649 0.591103
1.810968 9.152079
1.381023 0.727637
2.568359 0.896133
0.955933 0.703269
2.069250 6.230537
2.767071 4.802785
0.729050 0.919641
0.789952 0.912645
2.664339 1.332528
2.012920 7.902696
2.206695 0.766833
5.668619 0.818796
2.076742 1.371789
4.673720 1.747175
6.414077 8.821682
1.535498 2.061608
6.186447 4.080544
0.896892 0.649780
1.070739 2.952177
1.009205 1.061171
1.634049 6.734992
0.871053 0.838168
2.358289 5.058257
9.400018 1.672125
1.567916 7.019491
2.887992 1.770214
0.943958 1.438765
1.341600 1.365056
2.074591 1.010972
1.178605 1.068363
3.528199 2.599669
3.245872 1.510712
1.536606 1.124798
5.859352 1.662913
1.741352 1.775999
0.942264 1.773004
3.598256 2.572682
0.890218 1.150599
0.821939 0.513431
0.837259 1.011602
2.733784 1.377249
1.439219 1.709048
7.657751 2.316861
7.829011 0.670919
0.856570 4.355007
1.204613 0.704590
2.029763 3.199967
1.599191 2.917002
0.847388 0.514357
15.015289 2.721950
1.185830 1.050776
3.261541 4.370551
0.925999 0.950557
7.537552 2.189126
0.829643 9.580759
1.353561 0.708936
1.509423 1.441053
2.307973 0.993703
13.586389 4.015822
2.344974 0.816801
1.626660 1.675862
0.669634 0.616853
4.319431 17.993928
0.848929 2.352133
1.597470 0.746861
1.081716 1.068532
3.452809 1.436183
1.246438 1.984058
8.710325 60.025552
1.249050 2.194017
2.548287 2.071108
2.290439 1.051599
17.887641 0.732402
2.934775 2.452923
2.194077 0.668794
0.984194 1.447948
1.429527 1.034456
2.367306 1.137230
0.232693 1.005916
8.005318 2.556430
0.743943 0.833611
5.429152 2.823007
5.584572 18.105013
7.177688 5.200356
0.454573 0.921286
0.980028 1.369087
3.823337 0.766987
2.604075 1.695619
0.900439 2.015554
1.555009 1.432792
3.802365 0.606739
2.701624 2.647239
5.293692 4.365337
0.466492 1.327029
1.476793 1.156968
4.072595 5.342044
10.573750 5.914134
0.781208 0.979794
1.874898 1.504892
1.352394 0.940725
0.129128 1.291406
1.089217 1.866294
0.949135 1.561881
1.517148 0.774064
3.346909 1.154213
1.165286 1.609826
2.120185 1.698118
1.685256 0.641047
0.916482 0.980818
1.372436 2.119026
2.311220 5.290010
1.543639 4.394971
6.368240 1.425394
1.056949 0.426957
2.532534 1.617754
1.627345 11.289650
1.797403 0.570024
1.983993 1.133957
3.169032 2.383592
1.399634 0.771026
1.701512 0.877855
0.901044 1.651938
4.263990 1.520136
5.327182 0.642857
2.244714 0.625611
2.928795 1.543402
2.710212 1.117638
0.964775 0.898095
1.065498 1.324355
0.333472 1.682153
0.732507 1.038960
4.413809 1.509244
0.967245 3.666014
3.740879 0.654614
5.610292 0.764811
8.357530 4.596356
4.596310 0.926933
5.120397 0.858420
2.679969 6.435684
2.186081 0.768737
4.124559 2.942788
2.682143 1.426928
1.701240 2.654127
0.954289 1.300465
3.576848 11.183129
3.451591 10.425048
1.958151 2.679416
0.972490 0.799815
1.132633 0.946314
1.759572 7.081715
0.988092 1.044080
0.921997 0.754340
3.856790 1.345818
1.393843 1.492538
0.986207 0.829073
0.491397 1.363109
4.677032 3.986553
1.076373 1.334690
2.612661 1.384599
2.686019 2.104806
2.581939 1.162370
3.107663 4.979435
4.293169 3.951849
5.385309 4.418347
1.203742 2.657549
3.429065 1.957930
1.115355 2.678250
2.469577 1.152379
1.933474 0.702499
4.273503 1.347861
0.392496 1.424890
1.226116 0.749541
5.226945 2.165353
1.252685 1.402449
3.538896 0.768752
0.959027 1.041536
0.440631 1.202549
6.924303 2.909552
0.748340 2.093939
1.452511 1.308343
8.188845 4.479238
2.253149 0.883073
0.947620 0.951904
2.182192 1.059862
1.615591 0.837623
0.654649 0.596155
0.822538 3.296408
2.752128 1.125606
0.448523 0.733040
0.898504 1.549780
1.228416 0.832997
1.857954 3.830245
1.040582 0.828875
1.323879 1.531662
2.957630 0.564179
3.661993 1.794764
16.864127 27.965229
1.207569 1.455663
0.718027 3.595137
1.234079 5.340061
0.514015 1.485137
0.657068 1.766251
2.362107 0.696245
4.268370 3.422096
0.940663 1.918044
0.891400 1.384293
4.851890 2.804684
7.577247 1.385882
3.780833 8.221557
1.084349 0.768676
0.670734 1.961809
2.122975 1.349062
4.333711 1.703761
4.089135 1.494002
7.762221 2.657152
1.512206 1.650248
10.027741 2.173263
2.127170 1.528489
2.656026 0.852828
3.628977 4.709189
2.264751 1.426304
2.140738 2.543373
1.037478 0.660235
1.270012 0.653255
1.721353 0.840543
4.816111 1.970976
0.800581 1.143380
3.873065 1.344144
1.233744 1.502032
11.542658 1.271663
0.943772 0.890262
2.482714 2.431709
1.151521 1.092960
1.713225 2.785334
3.395482 2.348989
4.638461 10.886803
0.953096 1.187621
1.920748 1.271361
0.192926 0.890353
1.439641 2.457209
6.671656 0.394574
1.434789 1.586516
0.407173 0.818075
1.992660 2.626061
1.207935 0.738052
0.833979 0.738336
1.244442 1.922633
3.666435 1.055018
11.464356 0.816504
1.359769 2.144024
1.734155 6.146185
3.069127 1.228977
4.114853 1.217671
0.799025 1.148669
2.187408 2.661364
1.256944 3.630878
6.994286 2.763804
2.951702 1.487824
1.398203 1.006803
0.332104 0.891596
1.202082 1.105078
1.882842 1.315101
1.802647 1.313755
1.990031 1.823882
4.464875 1.261068
1.478799 0.994236
2.730066 0.962285
9.532868 1.463431
2.854920 3.667562
2.802963 3.448610
0.549584 0.886446
2.019552 1.057085
2.679060 4.039944
4.377045 2.910655
8.068790 7.928091
1.151114 1.976957
2.474227 1.589055
1.504686 1.656675
5.027796 1.880497
1.228001 2.258497
0.840180 1.308098
2.334134 6.055338
1.466680 2.881162
1.915274 0.972160
1.574197 2.355951
4.640068 1.945936
1.087842 0.931943
1.957345 2.169185
1.374112 5.005529
3.827584 3.254668
7.902434 5.165291
7.174610 3.258790
1.239792 2.262247
0.883038 1.006801
2.884584 0.738726
1.244480 1.157649
3.894642 3.691166
1.460512 2.078704
6.977245 21.107088
1.747465 1.671454
4.376220 1.094673
0.504443 1.282129
0.458039 1.146362
1.216877 0.718758
1.422887 0.655526
2.295759 0.966975
0.558432 1.186365
1.342827 1.538379
0.375299 0.810616
0.900679 0.914915
1.724286 3.764917
0.890460 1.039184
7.766456 34.435678
0.248818 1.439550
0.725450 0.917627
1.222690 2.650108
0.740391 0.515730
7.601842 7.052018
1.407907 0.949924
1.299655 3.982384
1.168710 0.826929
1.251485 1.000302
1.449952 1.148565
1.045501 1.727996
0.869633 3.103602
2.411679 2.791102
1.999664 2.232920
7.867316 3.363095
1.919554 1.293107
0.619314 1.263642
1.365633 1.318753
0.948819 0.720290
2.636000 2.306806
1.257453 0.721351
5.149687 1.677519
6.586126 17.273903
1.238207 3.284208
0.654427 0.985417
1.383927 1.760438
0.883846 2.037178
1.791239 0.956845
1.233599 1.291464
4.698762 0.912142
0.793029 0.637296
5.287919 4.875318
0.906339 2.063429
1.028066 1.743300
0.811090 0.583467
3.041487 7.277440
0.918805 0.872114
4.141999 43.855280
1.268949 1.922106
1.188018 3.056872
2.287119 1.293548
1.152292 1.991157
1.425391 5.513444
1.057832 3.381085
8.081636 2.590594
1.004851 2.116552
2.465806 4.676198
0.901790 1.391242
19.357256 7.636174
2.570053 2.053668
1.291944 0.909831
1.055321 0.970810
2.537101 2.359621
7.694150 1.002956
1.402425 1.638546
13.744387 0.541712
0.467872 1.189519
1.153433 0.990107
0.982702 1.064608
1.738059 0.414605
1.451920 6.976189
2.618039 0.876406
1.247844 0.560910
0.988808 2.533980
2.607404 0.772511
2.627100 0.759077
2.596533 5.369728
2.296878 0.754758
2.240744 8.804340
2.108259 6.107355
2.048995 1.660622
1.916706 1.053874
2.134931 1.794701
2.898936 4.055332
2.982997 0.424021
0.890879 1.031454
1.785179 1.080802
0.676305 0.872133
1.493306 0.948273
3.106246 1.694986
3.986226 3.535888
1.235033 1.012838
7.988794 1.584378
0.887683 0.974112
1.969120 0.726089
5.046418 1.288371
1.000937 1.761103
1.488624 1.470859
1.649586 5.266997
0.710525 0.721944
1.880769 2.051639
0.794237 0.783808
1.073364 1.455034
0.860211 1.544953
2.054447 0.836018
4.805064 1.624307
0.679652 0.830639
1.742780 2.853866
0.750160 1.804266
0.843385 0.902333
1.175607 1.645836
1.235695 2.725428
2.659148 4.077567
3.862333 1.125939
1.254563 3.885401
0.518263 1.556699
0.549322 1.019355
6.383584 1.255298
1.697003 0.445322
0.467947 1.427840
0.750913 0.865733
0.717167 0.669515
4.329516 1.421393
0.353129 1.894040
2.078445 1.058653
5.717419 1.447094
1.859551 0.912181
1.615443 4.592887
1.894600 1.431970
0.621751 3.311725
0.810942 1.439408
0.729516 0.781581
1.056057 3.411016
1.080237 1.059428
0.374408 0.574723
1.867112 2.130151
6.520118 6.345788
1.367508 1.502419
1.305637 1.838666
2.718094 1.328075
1.211621 0.861509
1.006938 0.931641
1.563641 1.439884
1.128462 0.893101
1.721131 4.533283
3.922074 1.749872
0.958824 0.997239
7.693176 4.797683
1.791382 0.802268
1.667761 3.152573
0.344886 0.876554
0.745090 1.409255
0.921650 2.073358
2.180888 1.010633
2.459470 2.873161
1.634104 1.053288
1.831265 0.658105
1.359361 0.935199
1.535330 1.103977
2.689928 1.155719
0.633588 1.009064
0.235708 1.517532
2.408684 1.836460
1.679087 0.885063
3.115481 3.790634
0.205776 0.794716
0.582409 1.100349
3.671392 0.906735
1.808605 0.948449
1.356545 8.335337
1.970593 0.917913
1.120382 0.614614
1.888445 1.364075
1.579970 2.493229
5.627568 16.274561
1.269762 2.817270
2.787666 1.095227
0.942369 1.624899
0.728963 0.822672
2.650730 1.422736
1.168914 1.341092
2.520571 1.305580
1.221876 0.811630
1.015711 1.142855
1.526168 1.690449
0.739476 1.449901
21.003156 4.099068
2.082593 0.548170
1.755262 2.886813
7.779705 10.559880
0.855421 1.359895
8.065228 4.102918
1.554931 0.937789
1.622524 2.298848
1.226087 0.864053
1.638942 2.996991
2.202863 2.811648
1.642154 2.298684
2.711196 1.444768
0.591320 0.652529
2.398378 0.979978
1.542759 0.606852
8.559474 1.412728
3.158206 6.363924
4.412642 1.514225
21.266589 6.505803
2.559896 1.513874
1.094617 0.724259
1.647823 2.591127
1.836053 1.510950
0.379640 0.728338
2.496160 0.667364
1.670343 7.569746
1.489402 0.857981
0.991193 1.182978
0.877574 1.332452
1.686587 0.784295
3.306878 1.213972
1.490894 1.216988
3.556356 15.985110
1.822029 1.348467
0.965429 2.169775
1.306719 2.027867
1.004101 0.980417
2.820064 1.418415
2.081345 3.801961
3.447025 3.045421
0.983044 0.776751
1.559211 1.743529
0.874399 1.621958
2.167548 0.800098
1.790267 1.292264
4.324394 0.935142
1.230462 2.274239
1.669884 1.483063
1.115429 0.814650
0.828068 1.233128
1.048882 1.801796
0.683954 0.534226
2.027839 4.505285
0.432061 1.071894
1.425530 2.880982
1.349584 1.104505
0.905632 1.106579
1.751298 1.285497
0.369217 0.770139
1.273977 1.045975
1.480553 1.635663
5.978753 12.374674
1.647143 1.103173
6.545498 3.101401
1.801005 1.022398
0.633324 0.917664
0.948674 0.648146
0.961232 0.954592
2.150652 13.958704
0.976710 2.861356
5.910001 0.649682
0.897758 4.528164
1.688464 0.828389
1.909734 3.304032
0.590156 1.817384
1.336635 1.024339
1.013168 1.100653
0.796964 0.800509
0.736714 1.729225
0.963025 0.430844
0.907643 1.170347
1.444920 7.391665
1.133866 0.934646
2.056516 1.875808
0.590196 1.632939
3.277509 2.678934
0.794380 1.220429
1.118869 1.996480
4.548020 2.088358
0.022105 2.444760
1.584352 1.583537
3.295242 1.401905
1.126516 0.587634
6.517479 1.079359
2.097827 1.131116
1.058133 1.005911
1.033559 0.677122
4.442405 1.674511
5.270961 1.128514
2.976814 2.157050
1.020370 0.649018
5.605265 2.981839
1.310476 3.615298
1.311319 1.250990
1.251420 0.965008
2.101554 4.054561
1.707047 1.234168
9.223103 7.181445
3.146406 15.971718
0.790810 1.501186
1.685648 1.064415
0.704340 0.534923
1.616337 0.471814
1.932846 7.940752
3.256448 1.298026
1.939596 0.539956
7.863679 5.999438
1.024762 0.659272
2.636623 1.917034
1.831456 1.799179
1.687142 0.728365
1.148873 2.189184
4.352945 3.551222
2.628939 2.328115
1.179820 0.835828
4.379829 2.449031
2.469420 0.787938
1.962212 1.689272
1.136000 1.033940
1.356677 3.934784
7.937982 3.170506
2.924116 4.065417
2.731867 1.475025
2.823255 1.475552
5.801095 19.929863
1.764296 2.821804
1.551147 18.933846
1.468719 5.471324
1.908087 1.801145
0.717818 0.672671
2.745979 1.299387
27.085850 12.247078
1.336935 1.000478
2.124764 2.428619
9.620227 2.816410
1.917055 1.081891
4.019565 1.723864
3.412175 3.889330
2.044650 1.091047
2.307315 1.351847
0.984877 0.640984
1.735693 1.256385
0.605035 2.316724
1.364552 0.816788
1.214867 5.561139
5.175566 1.157773
7.130911 2.319124
0.871413 3.719111
12.133565 4.310773
12.481396 7.029249
1.070573 1.217250
1.106631 3.097067
8.378835 32.828185
0.201791 1.613660
0.449688 2.689139
1.974935 4.917837
0.225717 1.287771
0.907438 1.058787
1.814347 2.116723
1.585931 3.554036
1.141896 1.186254
2.584052 6.511895
1.446785 3.031630
4.125972 5.874354
2.557896 1.071678
1.247508 1.546015
1.708735 1.819546
1.126024 1.031556
1.423271 0.841352
2.780385 1.828427
1.046542 0.708871
6.555812 2.074402
9.059362 5.238556
0.877275 0.741468
1.765112 2.789772
5.628276 1.649807
6.649161 3.427877
7.855862 6.365321
2.843221 2.281700
0.327729 1.041511
1.170580 0.970327
1.484301 3.680979
1.839647 0.962853
0.578134 1.178247
4.438108 2.552516
0.871175 0.860819
1.705060 1.344300
4.495385 7.553284
3.420789 3.527112
4.130231 2.374065
1.515609 6.929122
2.523566 1.022675
1.100487 0.995792
4.787517 3.967472
1.248975 1.361859
2.698192 2.048688
3.568918 1.482091
1.271246 1.149326
2.112067 1.535061
7.917799 3.420230
0.605439 0.554044
3.278699 0.787846
2.315285 1.016526
3.118192 4.613385
0.825593 0.752782
1.124497 1.802686
1.596472 1.505110
0.892075 0.835998
1.472628 0.560678
1.192405 2.253929
1.066869 2.802504
1.529920 1.497133
0.658748 0.776684
9.428574 6.073414
2.551578 2.056909
6.616462 0.886348
1.141717 1.633520
0.679493 1.295585
1.526738 0.814737
0.146196 0.596137
2.951091 1.131545
1.741223 0.758861
1.426064 1.184580
0.789264 0.787490
2.658700 4.816784
1.055640 1.656557
2.427807 3.988022
1.885885 2.000139
4.963947 3.313968
1.191815 0.773608
1.553484 6.502481
1.640035 3.145861
1.011130 3.056996
1.402028 0.924006
1.318088 0.672566
0.878455 0.952647
0.518783 0.788536
2.006786 1.473766
1.214422 4.156002
4.462481 0.787513
0.824802 0.656166
12.729519 9.681923
1.763375 1.096316
4.236059 8.401388
2.990874 2.820737
11.285546 1.111752
0.595744 1.169810
1.152930 3.191154
1.098806 7.998606
1.505483 0.616735
1.280906 2.008882
0.990507 0.543634
2.578677 1.695376
3.961876 7.197044
2.354285 4.780762
6.528322 4.300022
0.927422 2.627672
1.537557 1.597247
1.338304 1.819310
1.150774 0.981979
0.423213 0.778191
0.626596 1.079622
1.399271 3.090525
0.273521 0.462659
3.404959 2.481172
2.605895 1.968038
3.702982 1.624526
0.570004 0.960504
2.474108 3.299390
3.077844 0.585772
0.828710 1.630930
4.709577 1.768612
1.184779 1.984275
0.318005 1.543853
1.969914 1.357307
3.359606 1.202098
1.518924 0.914253
1.962547 1.245860
2.619512 0.692372
1.346707 1.243424
5.401355 1.213725
1.437958 3.179230
1.547057 2.038670
16.494246 12.472278
4.329189 1.609522
2.830647 0.975365
2.522936 2.264652
5.433245 1.677778
0.971506 0.836019
1.856287 0.885815
2.271610 1.506635
0.943968 0.843587
0.653422 1.146385
0.939206 1.883850
2.543605 4.533632
0.898225 0.853463
2.118170 0.730734
1.381388 0.851169
1.830929 1.416495
6.157396 1.846724
1.717964 0.729455
0.669626 0.912491
1.949063 2.380708
1.686619 1.377285
2.198588 0.938744
1.266467 0.652169
5.596431 2.324797
2.013826 1.859487
2.918085 3.495968
1.702152 0.922099
1.891736 1.057033
0.456274 2.281082
0.730427 1.279403
2.844437 0.615499
0.861458 0.960793
3.996548 17.047814
2.868927 1.980505
3.127545 3.968303
1.243314 1.174646
1.356752 0.864617
1.602257 1.575639
1.240442 0.925136
4.416576 1.939042
1.133000 0.961965
3.590479 4.099222
0.954661 1.006698
1.720131 2.383478
0.672297 0.574150
1.707728 1.229437
2.073849 0.991073
1.787683 1.269333
1.232670 3.298400
1.371980 0.662397
11.875415 3.747935
2.746402 1.028967
3.980773 12.282630
15.941066 9.002853
3.675527 2.003083
1.043784 0.508866
1.192603 1.189863
1.503665 1.049767
5.090856 1.563751
0.707607 1.119469
2.286502 4.707902
1.157425 0.827986
4.698780 1.347743
6.297477 5.965646
1.573688 1.199933
1.078691 1.171404
1.173147 2.133952
2.058171 0.954943
0.651652 0.670255
0.642919 0.772064
1.793885 2.664510
2.659998 1.525612
1.408433 1.516582
1.141240 1.005649
0.751337 1.001880
4.488751 7.339390
1.459261 2.311340
0.472538 0.572189
2.428197 4.584964
1.372595 1.176871
0.278622 1.009869
1.317474 9.629646
1.421053 1.656721
6.470143 0.793183
0.792769 0.838153
1.564923 1.389066
2.734828 5.627023
6.203912 3.958298
0.886922 0.957852
1.211997 0.833270
1.148700 0.513792
1.078842 0.949373
2.448282 0.957697
1.143705 0.818091
2.551923 0.890776
1.410370 1.142924
2.064617 1.972508
0.827371 0.980986
1.446667 1.055268
2.272938 1.776021
6.217084 2.144985
8.552203 15.603019
2.559608 4.426153
0.598943 1.150117
13.576003 2.656117
3.220153 4.697292
1.428723 3.354932
1.865352 1.924353
1.938069 0.870776
0.936367 0.790937
7.700115 4.843883
3.351524 1.713466
1.086058 0.705824
16.472306 8.099521
1.020229 6.947646
1.647530 0.827283
1.069215 0.874948
1.106555 2.454971
2.549238 2.411887
1.462344 1.543777
0.704335 2.437620
3.927745 13.823258
3.253007 22.046494
0.676905 0.838924
1.027249 1.168873
0.850883 1.685809
0.483831 0.955671
2.381262 0.949556
1.389090 1.175234
3.944427 0.923775
5.380245 2.264628
6.971877 5.273943
1.861461 0.984241
2.104033 1.354318
1.400980 1.584986
7.280351 1.290053
1.526818 1.007722
3.683781 7.036213
1.608851 2.435130
1.116437 1.582295
1.361750 1.101473
0.846660 1.128397
3.721449 0.976893
1.589018 1.111132
6.538131 0.676841
1.770413 5.086034
2.368330 0.627833
6.441325 0.514731
2.445477 1.385871
3.446908 0.588568
1.947452 2.117846
1.406799 4.959237
1.073695 0.857501
0.846406 1.877773
2.019401 1.133418
0.678326 2.489978
2.677060 1.119850
4.152785 2.378210
1.659458 1.972817
1.663365 1.133673
2.980547 3.575783
1.275198 0.893424
4.375912 4.184974
1.862618 0.765809
0.654276 1.139942
1.798012 1.185836
2.044453 2.856210
9.865712 10.123007
7.170343 3.475980
1.712396 1.030660
2.352296 0.966059
9.860483 0.846997
8.940786 1.283530
1.440692 1.737104
4.952764 10.630383
1.288027 6.290550
2.379232 4.143015
0.805027 0.903744
1.031815 0.933240
2.292225 2.880140
2.253255 14.787931
0.488481 0.625159
0.602664 1.492045
1.194799 0.909895
1.652220 2.099276
0.972308 0.738517
1.892687 0.909954
1.571561 1.524962
0.772109 1.444852
1.715338 3.703470
3.870822 1.109187
4.543296 1.769684
5.476997 3.785046
4.569637 3.035523
1.023417 2.538401
0.171123 0.881946
4.412019 7.455457
1.214938 1.229717
1.324320 1.362371
3.716300 1.023011
2.694204 2.278084
1.610645 0.698985
6.854944 0.830190
1.216522 3.185186
10.768802 2.150773
0.583196 0.759504
8.330641 0.516601
4.944340 0.932799
1.347111 1.506259
0.887511 1.576603
1.029189 1.912223
1.976218 1.040344
2.478702 2.483776
1.593773 1.115917
0.856165 0.576429
0.703002 0.656964
1.342437 2.382699
2.879915 2.533174
2.456013 7.243553
0.474413 1.396701
1.571294 1.066322
3.512329 2.573233
3.422381 19.343145
1.552642 1.374327
1.269176 1.073837
2.198831 5.957703
5.850221 3.091460
11.426657 2.526879
0.959867 0.727243
5.319612 1.241103
0.671040 2.137784
2.572178 2.871935
0.947369 1.566285
3.083952 5.098745
1.471236 1.656645
4.178461 86.290178
0.954480 0.914604
0.685767 1.428121
2.412514 5.005948
2.495604 0.741365
1.193365 3.916661
1.987231 5.108326
1.113540 1.247139
2.497251 6.354545
0.928278 0.916389
2.106454 1.194006
1.390020 3.806189
1.294313 0.987391
1.268649 1.526164
1.730040 3.324337
0.646034 0.989338
2.204695 12.642479
4.032494 17.096170
3.994779 5.689101
1.155947 1.146782
2.784407 0.828785
2.671717 1.876612
1.401397 0.764004
0.962602 0.543010
0.825663 1.372993
1.582873 4.817034
2.424310 1.866848
1.305481 1.233092
0.880651 1.695388
1.150132 2.306518
1.527994 2.142079
1.089103 1.116352
0.945219 1.318883
0.576831 0.771940
1.499455 0.946037
2.989991 1.671817
1.209377 2.130063
3.196342 6.364191
0.972624 0.894204
2.420635 2.165560
1.003928 1.198275
0.607726 3.355827
0.634061 0.547757
2.268275 6.260515
0.894813 0.986316
1.344763 1.833314
0.180851 0.714105
6.174925 5.472792
2.679335 2.991324
6.682228 12.843049
1.935252 1.039684
10.034520 2.947519
0.949628 0.813009
1.525376 1.213652
1.075092 3.266662
7.152922 8.885402
1.187283 5.932892
2.141561 1.041910
4.979750 5.133650
4.726439 2.759472
1.890840 0.653230
1.028275 1.175029
0.559288 0.574251
2.567761 5.952795
0.937537 0.940768
1.827188 1.045520
6.458194 3.291728
0.537940 0.560471
2.642082 0.872608
0.953652 1.290061
1.664561 1.555902
1.013901 4.826703
1.945209 1.931575
1.207157 1.281715
0.776816 1.603862
1.463910 0.834321
0.777974 0.783268
1.987943 0.716691
0.994267 0.988754
2.371073 2.543367
3.430791 4.771971
6.372525 28.074576
1.370241 1.711817
0.825337 1.245354
1.404021 1.773997
4.955445 3.898854
4.299559 2.769368
3.824691 2.023409
1.206456 0.989125
3.548508 1.135506
8.545027 0.985740
1.405325 1.443776
0.427753 0.662412
1.487381 1.168717
9.537519 9.215392
1.116925 0.770923
3.912188 1.566581
1.063624 0.888793
1.618393 7.374522
1.165580 1.608309
1.442959 0.951376
0.946140 1.903322
2.524408 0.779434
2.039946 4.589063
2.811096 2.336677
1.800306 2.396725
1.314444 1.278973
0.883199 1.862685
1.390143 1.101517
3.339164 4.850479
1.747605 2.394150
0.877743 1.567849
1.561002 0.780713
1.605349 0.840334
2.937710 1.401671
1.428511 0.841821
1.400296 1.181840
1.631121 0.960598
1.084764 1.716060
2.694540 2.726019
1.211213 0.736254
0.358906 0.702022
9.408970 8.664635
2.315279 0.957211
1.127602 1.067638
1.445516 4.308433
6.753718 0.675780
1.973901 1.946372
1.407842 1.667133
1.745942 1.200567
2.047104 1.018608
1.159376 1.495197
1.260688 1.001251
0.891604 1.942130
3.273899 0.959130
0.611305 1.932750
15.495117 3.965509
1.532623 1.005827
1.467843 1.173899
1.867658 2.585891
0.566730 0.925817
4.427557 2.558727
6.218288 4.041977
0.732997 0.877354
0.823462 2.395855
0.809458 1.115792
0.760126 0.988226
2.895496 2.074407
2.090081 1.303998
1.634505 1.504563
1.800349 1.608971
2.602961 0.561220
8.272814 3.872260
1.961583 1.817633
1.695698 0.763700
1.250078 0.512693
1.130513 3.567096
1.201566 2.001712
1.814587 2.877568
0.857562 2.063833
1.517203 1.037118
0.962616 6.019324
0.727899 0.945241
0.787423 0.540232
1.146083 0.828379
2.529926 1.063307
3.016040 1.713219
2.887407 1.837393
1.546925 3.881131
1.449710 0.785903
1.927881 1.464179
0.585525 1.660824
2.060389 1.781300
2.918311 0.732164
10.508323 1.509968
5.391753 4.435079
0.894755 0.816527
1.166083 0.928199
0.650790 0.991172
1.082707 0.641497
0.928109 1.508730
1.067484 1.002070
1.814768 1.288972
2.045686 1.271904
0.184143 0.711995
0.829522 1.080602
2.497046 0.517837
0.848096 1.402201
0.369638 0.946777
1.997289 3.048433
1.268621 0.996711
4.354248 6.220247
7.911174 0.740379
10.100714 23.261080
1.926992 0.943013
2.897556 0.638028
1.739632 1.520191
2.989708 1.180416
1.828425 0.925921
4.807182 1.444294
1.393459 1.791356
2.628966 1.170368
8.536312 11.112289
8.804035 3.480083
1.384609 1.992357
0.581513 0.651326
2.680025 2.987517
0.881648 1.482946
4.979998 6.665547
2.361830 0.768143
3.660559 1.859388
0.871725 0.843102
1.555701 1.940623
2.368809 1.460156
0.844218 1.289494
5.010511 3.687551
1.383203 7.591242
32.140516 1.389619
2.398576 3.272909
0.681713 0.632239
1.513291 1.570921
3.004221 3.726835
1.990584 1.013478
5.585006 2.659002
5.825248 5.116252
0.688766 0.555834
3.010742 1.377046
1.037666 1.578000
2.801678 4.074563
1.235173 1.004060
1.006649 0.662631
0.792691 0.832486
0.361380 0.843245
2.434611 1.067287
3.452767 4.714103
1.657361 0.789532
0.765604 0.724717
0.891050 1.768633
0.589951 0.876722
0.905156 1.240160
2.701530 1.755355
5.472746 0.678240
1.743626 5.420061
0.780335 0.574056
5.034947 0.884064
1.427472 0.884901
4.481409 1.614526
0.844603 0.700625
2.048654 1.096866
0.794954 2.726592
0.775298 1.212817
1.790691 4.521961
1.030053 1.480792
3.039487 0.733716
0.658690 0.624588
0.940808 18.775526
1.647023 2.049589
4.027765 2.254304
0.686085 0.720160
1.405723 1.142322
2.686470 3.935515
0.805097 4.555384
0.733522 1.137031
7.308017 6.550782
7.246547 1.872506
0.860123 0.733456
1.609962 2.045321
6.517690 6.082680
0.966128 0.592232
0.596640 2.534349
0.568197 1.071345
0.337226 0.817984
0.981449 0.839073
1.154892 1.516879
1.238686 0.872567
1.213632 0.796057
1.087473 0.932564
3.192158 29.322811
0.992410 1.488626
0.859516 0.863931
1.460592 1.853973
1.233491 0.762368
2.005546 7.828302
1.385152 1.076540
2.625852 0.782659
1.424641 0.854625
2.840429 1.583459
2.908979 1.116558
5.999297 1.404943
2.479813 1.392830
0.966658 0.742928
0.886728 1.619555
5.637535 1.894815
5.143926 0.815490
1.401243 1.707979
5.582771 4.271095
0.712273 1.139766
3.162101 5.539036
1.082095 0.864525
4.942270 0.972984
0.644196 0.584560
2.837960 4.070895
2.006968 12.384867
5.098370 2.523110
1.868364 1.639972
4.146612 1.256345
4.085720 4.942532
3.696138 0.689832
7.578910 6.491686
1.171363 0.852059
2.659203 1.454478
0.428745 0.825946
1.165559 1.361445
0.701604 0.464953
0.741098 1.392097
1.210805 0.844913
1.866901 1.516241
5.695512 2.378758
1.775546 0.917267
2.002548 0.689292
0.758079 1.250802
0.746647 2.053933
1.742911 1.461623
1.426862 1.967430
2.140445 0.773585
5.712056 1.682762
2.718547 0.963098
0.773983 0.758355
5.905736 0.622137
6.187774 1.653429
1.086328 0.797981
3.398142 3.758722
1.322032 1.234694
1.896465 7.482192
5.444560 1.721175
1.693178 0.996736
4.814738 3.434865
11.866525 0.997312
1.777281 1.424051
0.378726 0.645341
0.793711 0.759301
1.108761 1.107345
1.631453 0.979118
3.593128 0.587892
0.844330 3.707493
0.240626 1.999316
1.977955 0.598293
0.920360 1.679195
1.909984 0.762572
1.038501 1.234320
0.805151 1.589817
10.574694 1.911893
5.421248 2.319543
2.232048 1.331660
0.349200 0.525481
1.375571 1.169808
3.394135 0.744949
1.136873 1.762210
2.139369 2.804145
0.814943 0.873433
6.501735 6.437338
1.162320 0.892109
1.579746 1.271477
0.766022 0.721620
4.758204 1.580652
1.985613 0.807316
5.635767 2.015653
1.212362 3.879075
0.993394 1.114514
1.986263 2.481758
0.566459 0.664002
0.259928 0.758485
2.483154 2.372984
0.625707 0.719214
1.176778 2.006237
1.853233 3.414918
0.713368 1.417364
2.907667 0.877031
1.419579 1.177460
3.204675 2.898944
1.089063 1.026936
0.679533 1.638813
1.663080 3.579467
0.706772 1.084492
0.887492 1.389507
0.680176 1.237741
2.795784 4.287151
1.934313 0.983817
0.454742 1.565077
0.937560 0.884297
1.557541 0.822128
8.814795 3.455894
1.655439 0.826620
3.467575 7.292981
0.870241 2.236169
1.271288 0.473524
2.060963 1.832339
4.640567 6.419856
1.418984 0.850549
2.280875 1.026228
1.124466 1.037885
1.160743 0.672142
0.782621 0.907332
1.291002 1.157569
1.772343 1.864914
1.350726 1.887588
10.081687 1.835278
3.183168 1.960556
0.882363 0.908811
4.232730 1.734197
1.372291 0.828594
1.597152 6.466874
3.176173 0.705604
1.197441 2.427290
4.945210 1.629038
1.215138 1.323548
1.839701 1.187076
0.681640 0.793076
0.248279 0.699890
0.828812 1.267151
14.742983 1.959549
1.235461 0.653286
2.329130 0.849964
0.543613 0.933185
1.186677 1.404008
3.544835 5.450848
0.736306 0.759251
4.302789 0.604626
13.093512 3.147322
2.753401 1.553616
4.612910 0.998222
3.302569 4.385406
0.385599 1.066408
1.312687 1.020770
1.805291 0.563864
1.970899 0.857896
1.139060 0.583635
0.837625 0.645304
1.425802 1.051823
2.626900 0.768199
2.534614 1.683803
5.442156 4.351287
1.618405 0.977502
0.950674 0.974152
2.412815 3.458751
1.645683 0.919896
0.525341 0.713943
1.729190 1.315077
1.264340 0.969437
0.510292 1.348809
1.121346 0.931316
2.070902 3.528386
0.828600 0.585995
5.101434 1.471501
3.125962 2.084136
3.064796 0.805739
2.466132 4.762300
5.253726 1.425041
4.219547 1.971704
1.517981 0.735123
10.096020 5.017231
1.225471 2.214808
3.202644 1.076691
1.209636 6.592319
0.899381 0.764525
1.437699 0.934937
4.865166 17.891547
1.277882 0.994065
0.966897 1.060482
2.384946 0.782046
1.214687 1.560038
0.430493 0.883211
6.243095 24.168841
1.312012 1.674338
2.238690 1.685957
2.790828 1.009449
2.227472 2.913212
4.518765 2.644351
2.388961 1.578578
2.174870 4.003520
0.580806 0.575017
1.695990 2.529543
1.366952 3.797515
2.692592 1.822350
0.917511 0.479358
2.426668 15.530968
1.378172 0.747734
1.183723 3.912741
0.526070 0.878929
0.616410 0.731793
3.222757 0.935437
2.177166 2.011969
2.638363 0.904439
0.762796 1.000355
6.334340 0.704230
7.104492 0.660302
4.120234 1.333372
0.877301 1.018133
1.355534 1.007247
4.227617 2.294789
0.618488 0.617835
1.410391 0.585809
4.558138 0.577464
3.324706 0.887373
5.479692 0.521133
1.580792 0.802848
1.324646 1.279873
1.169167 1.131222
2.711771 5.140443
0.330838 1.926513
0.126010 1.299263
1.646593 1.839807
7.747263 0.515718
1.544674 0.722663
0.946677 0.554800
1.522741 0.716769
2.444368 2.288229
0.802202 0.893777
1.130087 2.517683
1.794351 0.931373
5.808042 1.357108
1.302563 1.235031
2.527586 3.055804
1.943259 1.375667
2.291665 4.498208
1.960432 1.125873
1.170671 1.263621
14.577877 11.926500
1.741255 2.074134
1.125151 1.138914
0.981517 1.805820
1.782944 0.788882
4.663645 1.870288
0.700179 1.323344
2.402256 1.057293
1.205660 6.845898
1.332804 1.052994
0.866736 0.676327
1.119237 0.932612
1.522964 1.718267
2.155731 4.208522
1.763128 2.402857
0.786271 5.286409
7.503256 8.696815
1.299685 1.281250
1.944681 3.394096
3.397382 0.691909
1.229215 0.633420
1.574580 1.034041
2.801437 1.707764
1.350271 1.587570
1.531838 2.003751
1.036202 1.258512
1.978713 1.103777
1.718447 0.606189
2.464837 0.590198
1.202871 0.923416
0.205263 1.412737
2.069089 0.816754
0.605904 0.621152
1.188913 2.069732
4.609172 4.050758
3.910095 2.048688
2.502324 1.135754
1.479141 2.777046
1.205195 1.879715
7.337577 2.596867
0.662674 1.297640
3.160062 1.597499
1.025686 0.620023
1.393592 1.463669
1.410137 2.570166
2.101309 5.412237
1.008842 1.076797
0.391913 0.646751
2.247671 0.957726
7.197441 1.698744
0.873985 1.022147
2.877481 1.938301
1.229419 0.621686
27.745490 2.411363
5.330660 1.156107
0.368708 0.555856
2.134410 0.611863
2.667066 4.586129
1.794042 0.805358
1.382765 1.124647
0.483514 1.131453
6.976851 4.810109
1.948205 0.756303
1.884504 1.071482
3.123275 2.656963
0.728048 0.728231
2.347008 1.469128
0.631979 0.972367
1.082532 1.084644
1.096347 0.771651
2.501013 1.327901
0.777323 1.101477
1.488752 1.825342
4.694476 0.618645
2.732240 1.481601
1.750755 1.826900
7.222007 1.759851
0.847158 1.109746
3.308371 1.748482
7.587265 0.572153
1.089191 1.522599
1.653153 1.513723
1.200531 0.685081
1.468621 1.123405
2.259822 0.989093
1.455617 0.897371
0.809143 2.226880
5.011627 1.563448
1.157560 0.870131
1.775784 0.725749
2.483248 2.167998
0.837062 0.911539
0.256735 2.014394
1.453569 1.172996
1.510356 0.818794
1.169908 0.678145
2.315866 2.120834
0.650674 1.044417
1.164741 1.313779
6.207872 5.040268
1.009358 0.785637
7.227202 4.030104
4.867106 1.013006
2.683605 1.169418
0.790019 0.847311
6.238401 6.086953
14.482514 2.520802
0.700945 0.980350
1.082544 1.672925
1.762711 2.097003
2.622006 0.655629
2.707113 2.405841
0.456590 0.526503
0.660261 1.490789
0.669173 5.219019
2.430568 0.972859
0.844801 1.739340
2.579348 1.904672
0.806163 0.630675
0.554491 0.951375
0.031670 2.225372
0.914571 0.912261
0.430487 1.182509
2.096059 1.576500
1.499878 1.266212
1.371881 2.417108
3.661747 1.401187
1.309801 1.845277
4.425418 0.981981
0.833900 0.813593
1.276281 0.921418
1.083773 1.367775
3.205454 1.080983
0.653493 0.808187
2.604440 11.610676
3.089155 1.108010
1.321082 0.783305
1.577473 2.113239
0.843754 2.570875
2.569920 1.670426
1.523597 0.781661
0.896023 1.519215
1.776731 1.413334
6.223147 1.337906
2.990849 3.007866
3.120403 0.930573
0.818947 1.566142
2.490537 1.188279
0.764162 1.218780
1.080913 0.926786
1.480479 1.817499
0.859881 1.391225
8.472446 4.640607
3.596636 2.055270
5.779124 4.245988
1.630154 0.828524
34.030202 2.934731
0.321208 1.374859
0.652851 1.230263
3.183750 4.157857
1.941244 2.944576
0.964990 0.922490
0.564912 0.735574
3.217338 1.717219
2.646145 0.722000
2.197020 2.085383
8.488482 3.961127
44.961364 24.584831
2.317131 1.196794
0.914550 0.748706
2.944753 1.409568
2.933743 1.327313
0.429232 1.761119
3.630232 1.932329
0.667214 0.806009
2.825454 1.568164
1.617965 1.824627
1.255860 0.608962
2.032147 0.972050
1.754827 3.227089
3.503122 4.300361
3.607403 1.924176
2.523317 1.373096
2.080164 3.814961
1.480798 1.313700
5.438851 3.556706
0.817927 1.451897
3.046715 0.644715
7.797696 3.667160
1.848063 1.385303
2.319636 4.307068
3.924683 1.455297
2.345119 1.197757
9.082619 6.465300
3.968413 2.486604
0.966911 2.264002
2.839577 1.892819
1.975668 2.794037
1.015226 1.124410
0.702336 1.007373
1.781876 2.694492
1.040879 1.301950
1.986250 0.685362
3.044540 6.261379
3.583973 2.494062
6.205873 6.552411
1.676858 11.230376
1.331207 0.964100
2.345233 0.805634
0.908618 4.146964
3.345045 1.951236
3.281938 0.753600
6.027395 1.135169
1.254988 0.815565
1.056984 0.948222
5.444745 0.940159
2.418967 0.538679
1.214750 0.591036
0.355099 1.595185
0.842148 0.810918
1.490227 2.493744
1.561486 1.282700
1.507765 0.906423
4.577029 1.500149
0.386857 0.558235
2.158982 2.514204
5.345565 3.136667
2.325635 2.145033
0.318114 0.928984
1.297885 0.979370
1.973959 0.975260
0.813874 0.892592
1.574561 1.107833
1.577137 2.100633
1.982550 4.297922
0.782238 0.761147
3.456452 1.074133
1.700855 3.837383
1.174294 1.504880
2.856012 1.500576
5.024969 1.858605
1.735761 0.628354
1.202187 1.027986
1.882172 2.305375
1.058354 0.998926
0.238033 1.272001
0.732201 3.840278
1.030891 1.216985
5.725463 4.045639
2.727844 0.963596
3.272818 2.666101
1.867609 0.884682
2.834071 1.210911
3.371580 2.511872
1.038295 2.022788
0.959064 1.332267
1.950751 1.188467
4.850539 20.959386
1.500981 4.295800
13.941164 2.415833
3.193571 0.770793
0.608837 1.742474
1.101921 0.666250
2.665788 0.674193
3.768746 6.043069
1.067102 1.533446
3.045700 3.642696
4.021960 1.050944
1.514398 1.165634
2.733506 2.820638
1.599509 0.646690
0.323941 1.124734
2.310040 3.432564
3.188291 3.010727
3.686127 4.767168
2.378000 2.771517
1.853400 1.178609
0.845372 0.854181
6.315425 0.629133
1.042102 1.126493
2.113149 0.693891
1.463969 0.954808
1.031671 3.677242
0.756665 0.606036
1.392003 0.743701
2.741305 1.167678
0.925982 0.972247
3.327347 1.022999
1.473909 1.004876
0.633616 1.793011
0.892958 1.013126
3.586237 3.815033
1.048881 1.371308
1.292841 3.550826
1.781180 1.167257
3.923278 4.841223
1.608536 1.508960
8.012203 1.411632
1.743879 1.280903
11.717595 1.965772
7.630437 27.479156
3.335312 1.694739
0.943707 1.741990
3.278733 1.780994
0.543366 1.110230
0.518835 0.597308
0.718374 1.018422
0.856494 0.960386
3.651008 1.477771
2.400201 0.858786
1.404371 1.593285
0.581840 1.203518
1.567584 1.256702
1.585852 1.585552
0.995470 0.878820
2.388219 1.125260
4.065882 1.797295
0.735449 0.763066
6.088464 3.828230
5.658892 16.305334
2.174626 3.669629
1.163461 0.618673
0.977277 1.053197
1.099243 0.788086
1.518575 1.226816
2.752065 5.376631
0.838966 0.719135
4.499353 75.099107
3.863894 0.423462
2.180299 1.248572
3.213320 1.345134
1.651359 0.916726
0.853117 1.181605
4.665918 0.976525
0.621771 0.850269
3.029929 1.813679
1.048761 1.349415
16.742012 2.277824
1.043614 1.546742
-3.779200 31.012432
0.849050 1.269544
1.255652 1.001280
3.910972 1.290978
2.859366 1.336899
3.064311 4.064743
0.694624 0.862044
4.848191 0.679379
2.486247 2.332042
3.716513 3.668397
1.585967 1.435211
1.170962 1.255886
0.923626 1.182589
1.147746 0.658446
9.388929 0.972222
0.596319 0.865223
4.082634 0.709497
0.953952 1.946789
2.171640 3.144727
1.698755 1.090306
1.041645 1.195346
7.581631 4.216128
1.172074 3.810159
0.623099 1.811692
3.801054 10.846470
1.219141 0.953003
0.906012 1.407552
0.689059 0.652716
0.773070 0.377698
0.446264 0.825142
0.561415 1.740753
1.863166 4.771472
1.736250 10.060059
2.103767 1.115383
1.462586 1.221710
1.100878 2.560481
1.739952 0.938246
0.964756 1.126060
2.599544 2.003210
0.714902 0.646083
1.412046 0.917143
0.388528 0.871257
1.042634 1.314522
2.776451 1.071870
2.351432 17.471538
1.826298 2.906397
3.517028 6.157069
1.312132 2.654880
2.021174 1.328039
14.154691 43.043171
1.380738 2.277424
1.620627 1.368990
2.121712 1.247378
1.422280 1.096983
2.617366 3.515275
1.171434 1.214200
1.061680 2.670312
2.213075 0.916303
6.482394 2.326591
4.107009 0.565418
5.660376 1.009468
0.715382 0.731081
6.370762 4.739816
1.405262 0.776851
2.659384 1.219032
1.677553 1.866428
0.580279 1.162995
0.930093 0.740207
8.754180 1.501354
6.395712 1.163527
10.020441 0.876762
1.075852 1.502328
21.404293 29.356442
1.146676 1.066083
2.872584 0.906177
1.274181 2.266104
1.792569 8.665635
2.094990 1.520944
1.099965 1.041759
2.173684 0.754324
3.284850 0.996536
0.590612 0.830094
0.893133 2.121007
2.188165 1.488705
2.999271 1.252338
1.689749 1.476999
1.880399 1.365982
0.762915 1.219792
1.404308 1.529336
1.178246 1.776072
1.078546 1.315233
1.956832 0.954644
1.181111 1.565498
1.926392 2.351224
1.317017 2.894803
1.568352 3.416400
1.920399 1.641681
3.334204 1.536583
6.671789 4.641478
2.582963 2.965134
1.270952 3.254823
7.484725 9.946691
1.604436 1.547501
0.586854 1.397797
2.462795 1.042931
2.236479 0.924776
1.144870 2.277812
1.162545 1.301009
0.445471 2.104382
6.421916 6.303189
13.360297 4.713860
1.028703 1.813660
1.714777 1.498757
0.524908 0.768482
1.011695 1.526743
1.054401 1.380258
0.996206 2.054326
0.357755 1.837350
1.757845 1.423902
0.993860 1.464278
1.378510 0.807210
5.152256 0.952553
2.634715 1.200815
0.680761 1.870532
0.524240 1.151258
1.048444 0.932219
1.930379 7.281916
2.027176 1.214071
0.855166 0.820867
1.886807 3.039474
1.164757 0.777047
1.383491 0.904640
2.120347 1.041430
3.882959 19.974418
11.685731 6.375454
21.580447 8.678890
6.250343 2.590045
1.979695 4.737949
2.380933 1.343901
2.368019 1.426115
1.670944 1.098353
0.924427 1.928630
4.565157 10.076743
2.585824 2.032858
3.273254 1.290121
0.788632 1.233346
1.178181 2.159984
0.444481 0.717757
1.966269 1.573817
0.466823 0.939123
0.712549 1.548673
0.501016 1.148481
3.693023 3.151350
1.485964 0.729352
3.734163 1.016077
0.976973 1.863819
2.814033 2.186825
0.564005 1.899620
2.008778 3.177709
3.630441 1.931574
1.074279 1.570862
3.894202 6.490030
6.400731 3.540082
8.128669 2.829284
4.581098 3.382742
3.142031 1.016376
9.282167 1.865060
1.805975 1.335059
0.663491 1.043611
1.066611 1.053090
1.869108 1.475395
1.440386 0.881859
9.074475 7.370336
0.609127 1.885376
0.138917 1.330022
0.958729 1.021347
1.847937 1.877419
2.753101 1.530364
3.418481 4.269244
2.149863 1.000694
1.111206 4.445329
11.116425 23.768947
2.489175 1.054790
2.367132 1.860630
3.648417 1.720547
0.820433 2.203563
5.095436 2.038183
1.617487 2.114073
1.517715 1.247557
2.246315 1.182651
9.351634 2.242804
0.404682 0.734104
3.951955 0.563107
8.580371 0.598202
0.640242 0.661903
4.983636 6.154242
1.395442 1.185108
0.665001 1.022777
2.011442 4.181874
2.662068 7.055039
9.143616 3.008178
2.035887 0.701054
0.826122 1.308427
2.013397 1.878100
2.074753 0.833102
5.937565 10.545761
1.422907 0.756484
4.156877 1.222318
0.879253 0.607471
2.532614 5.913689
9.827093 6.649190
0.269118 1.718471
0.882155 1.395195
1.250120 4.743741
2.956139 5.558977
8.825808 5.729697
1.855554 0.923925
1.698059 4.066674
3.194291 1.197136
1.169427 1.860913
1.062809 0.563386
7.320368 1.838092
8.019472 1.151042
7.558795 0.588926
7.279437 4.955472
2.102565 0.993473
1.712479 1.074204
1.751057 4.318899
3.616677 1.241136
1.649135 0.995436
1.397396 1.536338
0.780662 0.859212
3.096155 0.731138
2.130620 1.518331
4.440352 4.995777
3.571376 12.521793
3.358134 5.007888
0.753920 1.212620
2.571866 1.597365
3.474431 1.230902
1.881745 2.327540
9.534222 1.194593
1.205845 2.090367
2.627335 8.723409
1.588188 1.148304
0.677974 1.994318
9.854450 1.425892
1.680359 0.888373
2.394467 1.346818
1.050708 1.025443
4.658672 0.619766
1.266435 2.621047
1.130403 1.006280
1.640549 0.964298
1.743505 4.392566
0.610117 0.631203
0.518263 1.134325
1.061966 1.240002
1.462729 0.779778
2.036180 2.665367
2.641577 1.087365
1.765190 1.011546
1.287921 2.012048
0.931845 0.993748
2.831175 1.467284
5.268456 1.819984
2.862532 1.009134
1.137048 0.844401
0.798714 2.358894
0.777126 1.369410
1.899122 1.057389
1.566196 2.119543
2.287685 1.725579
1.338272 0.838457
2.969471 1.342375
1.413870 0.738449
1.414909 1.185562
1.479971 1.589922
1.660365 5.690680
3.824432 3.351377
1.360745 3.298259
11.141470 8.914853
2.164763 0.957996
1.456807 0.914717
22.206384 1.651718
0.865446 0.781687
1.302298 1.132998
2.079123 0.520382
13.106652 1.720739
10.690066 1.266816
1.461453 0.868088
0.657913 0.788669
1.193324 0.641044
1.155239 6.785086
2.561141 0.873916
1.835683 1.266100
7.440405 1.884279
1.685133 2.001714
6.771190 3.378993
5.334255 1.154401
1.581073 2.374250
1.208032 1.386893
1.178552 2.209710
7.356769 1.035905
3.646981 1.321675
9.913230 10.605496
6.044319 16.068753
4.234550 1.083896
3.665976 14.129173
2.765073 0.746695
2.639657 1.172790
1.124714 2.171071
3.452045 7.007390
1.651334 1.166757
1.345998 3.098204
7.460470 0.920890
1.730056 2.592072
1.798071 0.661161
6.761766 1.297474
2.841536 2.835926
0.713378 1.027861
0.944145 1.386025
4.398181 2.047666
1.335632 1.091177
3.289741 2.856561
1.070406 0.775020
6.480013 7.543284
1.454295 0.847381
1.901995 1.211153
1.450518 1.444714
1.257589 1.301034
2.744009 5.060533
2.261236 1.115926
1.684502 1.869071
1.484569 1.455271
2.675458 1.089698
0.637690 0.879128
3.443916 11.206934
4.917754 15.268211
0.802987 0.814478
4.317530 4.011097
1.215289 1.034613
2.121156 0.992107
5.282328 1.473584
3.785461 2.160350
0.817525 0.998852
1.232162 0.787970
0.588909 1.452478
2.005332 3.387034
1.601330 0.973444
0.766159 0.916611
4.681142 1.222579
3.316196 2.207384
1.435552 1.136181
5.955259 1.130092
2.424073 5.975003
1.756490 3.602745
4.449165 0.873303
0.706168 1.196110
2.580628 0.974074
3.625767 1.120890
2.366690 1.283238
1.202353 0.918444
1.416555 0.456818
0.975357 1.297781
1.126726 1.456899
4.314219 3.474981
1.512404 2.010917
7.684400 3.222770
0.998045 1.098119
1.338631 2.979917
2.891199 1.269691
1.305999 1.437631
2.141838 2.188441
1.696808 2.212094
11.414000 9.086553
0.729558 1.199539
1.172579 5.282119
1.265908 0.988342
18.550850 2.321860
1.244668 0.963570
6.848580 1.339058
17.171391 2.221974
1.716581 1.229382
1.835487 0.762415
9.720852 14.970601
4.746753 35.197111
0.928515 1.522525
4.739330 4.415566
3.017818 16.269277
4.980163 2.267066
1.944302 0.795706
2.064145 1.904499
1.261344 1.203436
2.664051 4.418644
0.692467 0.881099
1.293357 0.724679
1.215776 1.505299
1.247227 0.800897
2.471204 12.214888
0.662334 0.697711
5.010059 2.391493
2.479215 5.276232
10.600076 0.586110
1.148787 1.117283
5.917066 8.158170
1.044108 1.115059
2.571907 1.502239
1.166756 1.472344
2.452510 1.162166
7.830086 4.608117
1.570509 1.439478
1.194502 1.348865
0.517153 1.356801
4.426945 0.853111
1.606877 2.333349
0.341669 0.964291
12.403420 2.362044
2.484349 4.671596
1.483231 0.939211
0.995467 2.440509
2.763797 2.133050
7.522533 2.159522
2.459100 2.361975
0.907190 1.032650
4.739476 11.513734
2.916270 1.262895
6.549313 2.629400
1.262973 0.559048
1.288707 1.374022
4.465304 0.749700
10.974746 0.651398
1.119624 0.859308
3.213780 1.839428
0.935244 1.729864
2.262513 0.790687
1.776905 0.503946
4.348873 3.062746
1.133323 3.854552
3.207734 5.687458
2.322185 0.941367
4.277264 1.062632
1.623417 1.144536
0.941151 1.632560
1.100954 0.767664
1.051020 1.175719
6.164789 5.769015
1.268620 0.965973
2.556574 5.722595
0.605582 0.585494
3.500324 3.705294
4.540762 0.771187
1.084123 5.545525
4.494831 2.775137
1.201209 2.487424
2.519651 0.880594
1.165341 2.920626
10.783514 14.664942
1.101400 1.386459
1.229120 3.395240
1.217359 2.068027
6.960725 1.587191
1.214460 0.762569
2.363709 2.357752
1.440325 4.766076
0.618084 1.414516
1.549898 1.077419
0.757948 1.078375
0.805324 1.306068
2.526068 1.000572
4.476261 0.514433
1.255046 1.145816
1.519863 4.256780
0.639072 1.194479
1.461413 2.603565
1.517179 3.115612
2.690943 4.759932
1.574765 2.091841
1.512148 1.018607
0.336896 1.095348
6.973394 0.864921
1.567103 1.549976
1.130969 1.661112
0.869362 2.190031
9.590451 186.659747
3.496134 3.623473
2.194039 0.932497
2.122100 2.455903
1.208753 1.348953
2.044535 1.283523
1.202853 0.880978
1.288664 0.831592
0.777811 1.005775
4.170340 4.611813
2.341485 2.034302
4.653906 15.504987
2.924453 3.701941
2.829833 3.379781
3.311018 0.893125
4.032774 5.562531
1.562633 0.938321
0.942233 1.140627
2.047462 0.856464
19.889237 2.293495
1.783852 1.188261
1.848774 0.730412
1.695547 0.990565
3.791337 0.439301
4.155455 1.877409
0.632760 1.176402
2.427849 0.584944
0.399425 2.254796
4.026853 2.542565
2.940030 1.000664
1.583502 1.274565
4.071964 0.930885
1.302079 1.419815
0.053508 1.789989
4.481332 1.488914
1.223189 0.789511
1.073974 1.136075
3.253624 1.776392
2.586387 1.640919
1.367274 1.253288
3.082085 14.095335
2.249319 0.774835
2.091103 1.070585
1.108229 1.233999
1.041091 0.794014
1.983509 1.088023
5.526757 4.579811
0.968295 1.860413
0.968223 1.251910
0.800988 3.378765
3.259778 5.185893
3.031663 1.412278
1.096715 1.534076
7.119589 1.979841
1.621087 3.387325
2.863486 4.770373
1.656758 2.725531
1.607698 1.580977
3.802456 1.563835
11.247922 0.612745
1.831225 1.102245
8.650614 2.779682
1.283569 0.630752
1.927924 1.621422
1.037265 1.472438
6.341464 1.091285
6.411650 1.079824
1.134276 1.081415
7.209847 2.878232
1.314566 1.105680
2.122209 0.704678
1.124278 1.187455
3.835704 15.290356
3.842543 3.135074
1.830199 1.445558
7.984190 0.423896
1.361129 0.970981
0.574199 0.628475
0.252435 1.607049
1.236806 1.087709
1.920636 1.719684
5.554372 21.545463
1.053995 2.381255
2.580177 0.881855
1.017516 2.861025
2.277329 1.287785
0.336883 0.970297
2.280165 1.652398
3.883961 0.916553
0.798547 1.217246
2.751690 2.917334
5.559841 1.215829
4.587798 0.923929
0.609130 1.810300
1.058779 0.697848
0.960252 0.732016
1.660878 1.438031
1.833117 1.481115
1.143855 1.733984
1.682078 2.435671
4.843423 3.245576
0.815557 1.533075
1.459360 2.738912
0.889918 0.740353
0.537950 0.624555
1.348327 8.114451
0.828476 1.146372
1.632658 2.260972
0.846288 1.221342
2.897501 24.178532
1.423141 0.675730
1.904060 1.334956
1.888909 1.394381
5.691252 10.888512
4.600982 3.161507
0.673306 1.683439
1.965952 1.457105
0.121693 1.652973
9.020055 1.091218
16.720378 2.354577
1.875439 3.150677
1.605885 1.141061
1.111041 0.567440
3.049243 1.428114
1.663319 0.816764
2.235211 1.959487
5.706200 1.386363
2.843849 2.557925
2.175839 2.049163
1.275700 6.639078
13.169817 2.284511
4.888382 0.833347
0.960956 0.937382
1.131852 2.231492
1.006160 1.692415
2.873654 1.295058
1.684625 6.134033
9.966129 27.828602
1.144213 0.865686
1.648507 1.061577
1.277576 0.643811
4.650262 2.881754
3.128146 0.776490
1.574771 0.864403
0.299084 0.866642
1.727584 1.008015
3.488667 0.790714
1.141509 1.197603
6.255472 1.177741
2.728425 3.052026
0.998165 1.139400
1.585769 10.388776
2.760921 1.521170
4.281777 1.472702
1.192910 0.925554
8.907061 16.998009
3.605698 5.205305
5.393083 3.145727
1.661131 4.836052
1.198547 2.168359
1.092445 3.541024
4.397667 1.463871
0.919694 1.571448
4.951136 3.187100
3.128362 1.613346
0.987027 1.598008
1.953517 0.598580
0.852909 0.881558
0.895201 0.941448
1.293396 1.337751
1.463824 4.990468
5.391712 2.260889
4.946190 7.561735
9.037712 1.425155
1.572481 1.983501
6.606387 4.145720
0.764269 0.566792
0.872348 0.868451
2.060672 3.657809
1.475671 2.039561
1.254442 5.490491
1.149836 0.775716
0.739923 2.548580
6.601352 3.386209
1.830394 1.350808
0.867749 1.975828
1.108736 1.138941
1.533577 0.935466
3.841074 16.274756
3.418666 1.673401
1.617759 1.059846
3.478748 12.384619
2.121243 2.098598
1.684957 0.846745
1.197825 2.185415
1.377612 0.999265
0.843831 1.227134
6.558487 15.694173
1.245683 0.802982
5.435047 5.832971
9.692729 4.179361
1.604674 3.512635
4.384132 1.002811
0.754704 1.093210
1.584837 0.701389
2.493292 1.136924
7.069869 0.722031
17.140253 1.158351
2.842852 2.020526
3.035170 0.792144
3.180426 2.713596
0.843311 1.814177
1.143934 0.459240
2.248942 0.625465
2.509700 1.108805
2.675063 1.815374
0.672069 1.411793
0.957651 0.916790
5.715659 2.741959
1.899512 0.998455
2.484091 1.186960
0.389229 1.689208
3.472498 3.451307
0.727921 0.682372
3.592953 3.213070
0.826649 0.709707
1.915864 13.581950
2.769833 3.669860
1.885493 1.303610
0.750739 0.968893
1.073312 1.443032
3.932341 11.055897
1.010593 1.247944
0.529386 1.132729
3.759887 0.781991
1.458488 2.144562
1.239893 5.788989
0.780513 0.920810
3.807473 0.709348
1.632139 2.071084
2.487773 1.377334
0.451589 1.054340
0.812138 1.350682
1.481242 2.222777
0.668874 0.721075
1.056582 1.106079
3.064858 5.575725
17.901254 1.365142
1.443168 0.818905
0.904986 1.327116
1.919420 5.566718
12.071789 3.062183
1.819522 4.886520
1.135612 2.450529
0.616416 1.120265
1.247204 4.331705
0.851021 0.905044
5.463978 2.667242
2.907061 1.122047
2.710548 1.173448
1.987262 0.723418
2.150714 1.892879
3.980004 2.703705
1.428756 1.076456
0.806761 0.678375
1.427167 1.579905
1.377227 0.860319
8.591243 7.997610
13.292469 1.971220
10.209335 5.376018
3.254109 4.829110
1.390404 1.713220
1.925939 1.367449
2.952727 2.165258
0.618580 0.716783
0.748043 0.701090
5.590396 1.107908
0.609144 0.704964
5.369395 5.783535
1.003105 1.089716
1.615730 1.562154
1.905338 0.966497
1.753061 1.698620
2.930100 0.861567
0.865006 2.366716
11.452617 16.306488
3.000354 1.257603
0.315591 1.504637
1.295886 1.046802
4.807218 4.256386
1.789092 1.698869
2.505782 3.402793
1.769411 2.077429
3.985617 21.126740
1.102304 9.297326
2.356588 1.020095
2.401117 6.799962
2.458306 1.633036
0.690488 0.592008
7.095253 2.064261
1.068825 1.436206
6.085692 2.076909
0.305930 1.133015
1.040499 1.310987
0.427989 1.362311
0.509696 3.699693
2.081297 1.608470
1.236611 2.333085
2.587490 4.174694
4.812322 4.072023
1.285140 0.764005
1.496575 1.910730
1.578527 1.630983
1.453460 5.830173
1.822948 8.235692
1.316734 3.101648
0.859261 1.366138
3.214655 0.730198
1.734334 1.079547
0.811873 1.592925
1.244989 1.013264
2.378118 1.858340
0.661953 2.062343
0.691662 0.908850
0.986945 0.871332
0.857197 1.000856
1.456824 1.163922
6.107088 3.221666
1.051969 1.525639
1.202348 1.171767
1.901241 2.112824
1.169993 2.090581
2.198308 1.462931
1.463039 2.095987
2.256519 0.794541
0.815632 0.757262
0.697496 0.567144
1.040860 0.682110
2.981171 2.283172
3.469419 4.072268
3.811506 0.625423
12.492698 1.857775
2.423019 1.314910
2.388075 0.700633
4.057408 7.588108
1.637809 1.043592
1.732764 4.166200
7.217037 8.561221
1.223649 0.840341
1.424448 4.629585
3.091779 1.182423
1.053846 0.699688
1.441337 0.840656
0.823653 2.027694
3.654877 4.722197
1.964593 0.749019
0.677795 0.911150
8.033884 1.652504
1.011975 3.429295
2.196562 1.813152
2.037385 2.450630
0.916220 1.922205
0.976869 0.886544
2.289237 1.767187
0.477520 0.930281
1.334629 4.200483
2.013475 9.378567
4.067012 44.817613
1.244295 0.676254
3.107951 1.746162
3.365548 0.990505
3.492278 2.941077
0.603116 0.902563
1.092482 0.664848
2.027366 1.815206
4.129387 4.259531
1.142124 2.098918
1.972757 2.103750
4.416627 1.146481
1.057625 0.715750
1.242435 1.127079
1.551838 3.011164
10.801153 5.496269
1.615984 1.348942
1.406716 6.373572
0.489131 1.858890
0.964774 1.310390
4.838786 1.266726
2.031171 2.970507
1.089596 1.357145
1.058730 0.948211
1.281665 0.741565
8.176594 17.420861
1.448482 0.849090
6.089891 137.066334
1.485157 1.198727
0.776440 1.028426
0.293153 1.206543
4.021841 2.545896
1.727671 0.756100
1.984047 3.096904
2.365463 1.441012
0.880585 0.746119
7.169842 1.655845
5.358749 9.943243
0.878456 1.981497
1.475347 1.469759
3.168842 1.048615
7.543082 17.842870
1.351119 1.017272
3.026114 4.994556
1.685796 0.601455
1.387732 3.377880
1.070751 1.038714
1.121414 2.650808
8.229729 1.822896
0.656097 0.652148
3.684441 3.277653
2.803077 2.657114
2.125597 2.366077
15.709692 22.302493
1.224398 2.274980
2.401566 1.059352
4.872497 8.031153
1.603957 0.782106
6.363141 5.089494
2.735923 2.766367
1.119589 1.349073
2.598179 1.913154
3.606963 4.124236
1.807703 11.088866
3.871863 5.200228
3.000728 3.144733
0.751660 1.124357
2.899821 1.511848
0.903660 4.124501
1.711374 1.110949
6.058958 1.972665
0.656079 0.745483
1.486846 1.135557
1.700087 0.988278
0.962948 0.878385
2.916001 1.507242
1.019807 0.958844
0.755519 2.416709
0.523577 1.574318
5.489867 2.586690
4.171577 1.724734
1.993412 0.446391
1.331274 5.288855
2.598901 12.384298
1.827774 2.907334
3.095396 0.825332
5.348823 1.995926
1.563748 1.390432
1.300632 1.348780
6.047843 1.481860
1.319681 1.520476
0.845271 0.845499
0.922012 0.937524
1.702675 1.333607
0.908651 1.476747
0.969289 1.772408
11.897404 1.421968
0.513981 0.923372
14.148333 3.893695
1.143594 1.021601
6.647301 0.690869
1.091438 0.597014
4.354778 2.246795
0.706108 0.643794
0.783835 0.862433
0.825171 1.390642
0.988129 2.636311
0.518921 0.648704
2.362213 3.320399
3.137950 1.862137
1.158729 3.028968
2.540075 2.409571
0.947351 0.773558
0.661071 0.821654
11.767071 1.132447
2.247007 1.120710
1.244437 0.774868
0.923354 2.018197
8.142100 3.573959
2.914050 1.053160
3.329650 9.176431
0.852384 2.848830
4.424796 1.932503
3.041787 1.064289
0.832000 1.485764
2.541798 0.641783
0.772077 1.316398
4.170620 0.889195
2.907856 3.854655
2.401641 1.120124
2.835646 3.766505
0.947748 1.709583
5.230205 1.540411
1.355370 1.357102
7.461219 2.069744
0.798421 0.786889
0.762464 0.995367
2.441399 6.638652
4.591396 0.821256
4.819154 8.013876
0.988592 1.489093
1.644434 2.117649
3.122867 2.128446
3.023681 2.167007
6.193921 2.333074
2.124227 11.580771
0.889266 0.808346
1.329434 1.252210
2.985666 3.383267
0.845957 1.005293
4.729235 1.346962
1.232167 3.329456
2.660883 3.551744
1.028185 0.519533
2.506886 3.000212
1.061872 1.352195
0.691774 0.920555
1.755999 4.674162
3.187457 6.925017
5.791676 0.970371
1.725972 1.438579
3.292681 1.875984
2.826105 3.839996
5.838468 2.080407
2.691854 1.352708
17.970530 3.521373
1.112907 1.042248
2.837496 4.657074
1.915158 1.536129
4.108543 2.799396
1.351329 1.579787
2.837258 2.068096
1.011328 2.154659
3.063858 1.087702
1.291917 0.919517
1.444782 0.799914
1.914683 0.781576
1.744408 0.503086
0.878265 0.743224
1.241267 1.725411
0.683142 0.862562
1.108627 1.242466
0.831209 0.928330
3.933317 3.515148
1.401374 0.775385
0.807366 0.646263
0.634773 0.788929
1.444175 1.009395
0.798560 1.307559
0.954708 1.134569
1.343224 4.041326
1.078688 0.935140
4.400364 13.889526
3.823148 1.629290
1.750934 1.007646
1.815512 0.589855
9.561377 15.772530
2.189701 2.512624
1.847192 1.387116
1.605793 5.165652
1.548818 1.804196
0.148183 1.289851
6.401285 2.084750
0.886136 1.364445
1.334082 0.965165
1.521906 0.768933
2.723895 0.953330
3.729742 6.065210
5.503942 1.846658
10.113427 0.714211
5.440821 141.234726
4.001095 0.948235
1.537529 1.047084
0.926242 1.224039
0.801500 3.078799
7.623527 1.124190
1.968447 11.758631
7.637749 9.820028
7.567567 1.642577
0.609468 1.394263
2.717531 0.865473
6.128363 1.464260
2.575462 3.189061
4.431492 0.566294
1.487276 0.850561
1.519083 0.989670
4.519870 1.482892
1.248377 1.503125
1.824547 0.983014
1.196664 1.527056
1.053345 1.521169
0.722067 0.527393
1.284549 0.808428
1.099779 0.849988
2.382209 4.119144
1.316099 1.608526
0.244674 0.690673
4.895066 1.628643
0.985747 1.524957
3.467896 3.070770
2.293599 0.716395
4.963502 5.550430
1.392493 1.125187
2.697284 1.250828
4.816237 3.014206
3.355231 2.876355
1.149711 1.155659
2.093545 0.510673
3.226948 5.779607
3.274180 1.453741
4.403604 8.329234
3.479095 0.652533
2.640650 0.666652
3.886474 2.233916
4.436357 1.936204
0.879405 1.227397
0.869379 0.715715
1.712984 1.200966
0.543887 1.131827
3.007729 1.138318
1.060979 0.920718
1.305530 1.053029
1.238275 2.260719
1.887439 1.019601
0.618997 0.729195
3.287590 0.843739
1.409624 0.626298
7.797565 23.046593
4.474909 2.374567
2.133278 2.112759
10.599656 4.164510
0.919563 1.475809
1.655256 2.294268
1.804825 2.227917
1.555263 1.022033
1.844930 1.659781
2.624188 2.222703
1.269972 3.465129
2.377459 0.672801
1.480582 0.782729
7.526066 2.655936
3.397385 0.714400
3.619559 2.399781
5.659558 6.341533
3.068773 0.939605
1.124553 1.036467
1.142587 1.066170
0.728697 0.593100
0.870184 0.979177
6.063923 7.079684
3.797469 3.371625
0.700530 1.075591
2.062998 1.234033
3.672303 7.994900
3.303424 1.658318
1.115291 0.849109
1.683381 0.850920
1.896036 1.016190
1.121160 1.702679
0.553922 2.096449
1.762965 1.554394
2.564994 1.076793
2.472869 0.898689
2.132356 0.741370
0.863812 0.994481
1.634333 2.673217
1.225594 0.989348
1.108422 0.884323
0.749671 0.633596
4.990202 2.892859
1.127076 1.709901
2.816731 1.241318
0.938966 0.837973
7.253705 3.240699
2.416680 8.215894
4.990233 0.587582
3.788555 4.175708
0.860623 4.947895
0.744445 0.758047
1.479680 0.981265
0.760393 0.844473
5.240281 27.616512
2.720498 1.177678
2.067561 1.200805
2.408019 2.934497
3.121370 2.775818
2.560582 3.356863
1.207347 1.073520
1.034460 1.850493
7.668754 1.657704
9.283192 1.406727
1.566320 0.627666
1.954218 0.993020
1.328713 1.108049
1.371684 2.951553
0.708250 0.997454
0.716821 0.930465
2.358999 11.317101
2.230264 3.452500
1.694101 1.714252
12.433929 2.321018
2.080722 0.559092
5.415181 2.320993
1.186579 1.590468
12.122994 3.548799
2.251087 2.290226
1.016816 1.297824
1.536873 7.225631
3.741582 3.069253
0.799947 1.040444
1.183290 0.990831
8.281796 2.322244
6.043259 2.585728
1.148724 1.142343
3.668014 13.083742
1.375569 0.898270
1.562598 4.989522
0.865615 0.910142
1.926365 0.692046
1.284115 1.824647
0.898666 1.078558
0.761933 1.635853
4.613082 2.876474
0.784055 0.701328
11.140818 4.322144
6.431828 3.031168
2.384288 0.672804
8.175421 1.250304
2.166464 0.921440
5.043525 1.919722
2.048783 1.575672
1.118320 0.619553
1.571498 1.895623
1.796467 2.041540
0.795385 1.610037
2.689508 1.725944
1.361212 1.272066
4.087552 4.528422
0.837443 0.518625
2.282832 5.662371
1.075310 0.652473
1.144675 1.600796
0.758695 1.900778
1.499507 2.956059
3.456577 7.942610
1.032957 1.444104
0.947306 1.552458
1.960350 0.811676
1.359866 0.614105
0.837225 0.882960
1.004279 0.912611
0.905995 0.827119
3.377593 1.932752
3.092829 5.072834
1.988932 1.010628
5.867999 1.646177
0.878046 1.152857
3.406174 5.996349
0.978073 1.150515
5.848398 3.431358
2.230261 0.892417
1.155452 0.755178
1.258881 2.575501
0.692117 1.067068
0.640485 0.770546
1.476610 1.803001
3.386266 0.591430
1.349864 2.065484
2.848868 1.997284
3.599780 1.906266
1.930032 3.614912
2.716001 1.413907
1.805855 2.423074
1.231825 0.546796
1.449682 0.874137
8.412701 4.532564
2.965680 0.884567
0.226757 0.940515
2.452440 0.765627
3.046598 1.012434
1.453100 0.788151
3.590216 1.409119
5.560089 2.241914
1.787602 1.137061
0.474767 0.739671
0.774677 0.899349
0.519446 0.446582
0.640626 0.630891
4.805285 1.066708
1.350756 1.052351
0.788611 1.717381
0.717046 1.231914
0.755946 1.152152
0.901456 0.802553
0.702994 0.741026
4.792660 4.939605
0.769078 0.769919
1.079500 1.579741
1.236584 0.730526
0.846248 0.732856
0.976777 1.227186
1.269697 1.069694
0.780804 1.145212
11.395913 4.735795
1.216293 1.269682
0.853284 0.988277
5.577261 2.054714
1.840831 1.825066
0.653414 0.466719
2.558756 1.003323
1.644641 2.109718
2.234785 1.939739
2.469156 1.075331
3.393453 48.990032
1.530014 0.612735
1.091483 1.705260
4.517011 1.257650
2.635931 8.313294
6.721424 1.123688
1.217139 1.793220
6.991840 3.776503
0.794573 0.766715
2.009946 0.971000
1.243393 0.823045
3.077209 2.513028
1.069116 1.073419
1.194306 0.841337
0.576807 0.690671
1.182752 1.255456
2.347489 1.346056
0.741216 1.347177
0.474319 1.290708
8.290632 6.756110
0.689674 0.629563
0.657654 1.323818
0.845007 1.067968
2.448980 0.652187
3.854069 0.614604
1.576015 1.164000
4.333948 6.619703
3.403484 2.030266
5.234197 1.051503
7.072605 3.664670
26.204990 7.672365
3.988226 0.874207
2.246194 1.291459
1.225437 5.323705
2.912938 1.496783
1.924271 1.203833
1.070559 4.135845
0.825543 0.763851
3.432323 1.801028
1.098505 0.674937
3.521802 4.129655
1.288212 0.878008
0.915393 0.573652
0.502677 1.529119
4.341628 4.350076
0.547555 0.821234
1.891243 1.550784
1.169043 1.062721
3.732198 8.118646
0.576177 0.603733
4.214122 0.847804
2.024765 1.254987
0.956940 2.049374
0.732727 1.207974
1.688749 1.073978
0.177332 0.941103
4.118789 2.022105
1.634284 0.785033
1.087907 0.877817
8.558033 7.161574
2.081221 0.994438
1.688288 5.302164
3.546405 2.645997
2.642525 13.352600
1.217571 3.416949
0.666253 1.735188
0.938809 0.954084
2.468405 1.093280
1.416248 1.510430
1.884629 1.221299
0.506592 0.830163
0.733608 1.372643
1.270757 1.752949
0.898981 1.332448
2.284841 1.659953
1.010019 0.691177
1.498446 0.814464
1.431115 1.447138
1.358016 2.448954
2.927055 0.978748
2.400253 0.389849
2.428357 0.819466
0.668215 0.516005
1.230338 1.503175
0.679118 3.828189
1.006192 2.350920
1.928535 0.821577
1.629929 0.921601
0.752215 0.986597
2.741328 6.373395
4.660242 1.703343
1.400543 1.872595
10.735589 1.438748
1.017564 0.658723
2.376563 1.102114
1.474627 1.182438
3.856440 2.731217
1.902183 3.045722
1.085444 4.526755
0.789557 0.829543
2.278655 10.012372
0.810185 0.808999
1.259846 1.406074
1.556901 1.011143
2.138951 1.188967
1.034811 0.952619
0.834912 0.746372
2.231768 2.959169
2.363816 1.053087
2.241844 3.626235
1.305471 1.765584
0.658275 1.357089
20.609656 1.444466
0.541014 1.347968
2.031812 1.295704
0.244924 1.570397
1.645329 3.645858
2.186249 1.360837
0.603533 1.270241
2.026516 2.242165
2.210368 3.764720
3.000338 6.195728
2.232687 4.866260
4.375724 25.450865
1.229285 0.838573
1.482733 1.436946
0.515522 0.920466
1.993253 0.981459
1.061122 0.643789
5.059093 2.492071
5.181284 0.890785
3.277269 2.723151
2.279180 1.572803
2.335738 3.861536
2.683384 3.051484
2.672912 17.157261
1.400916 0.775093
3.869600 1.022626
1.106883 1.128721
2.471631 1.156315
1.947583 2.797332
2.342423 2.835997
6.233860 1.476068
2.517904 1.458874
2.758123 1.561436
0.484078 0.978981
3.273219 1.808292
0.450406 0.658828
1.827371 2.976227
1.957176 1.126694
2.709507 2.184765
1.313580 0.689977
1.659646 4.405778
2.111278 0.927523
0.681246 1.005757
15.093803 4.514916
7.944883 4.524882
4.331189 2.911665
0.596743 1.269763
2.633893 2.714961
1.953428 1.408290
1.716205 1.728841
1.232864 2.032897
0.803603 2.614718
1.758557 0.635311
0.959953 1.155164
0.498938 0.592846
0.586982 1.203129
1.310087 1.226211
1.517224 2.458119
6.194834 8.276147
1.929550 0.647556
1.327699 1.567870
4.335515 1.693107
1.273485 2.089897
0.721964 1.442915
2.236731 1.206394
1.113646 1.498964
1.361633 0.754855
1.013821 0.966695
0.528637 0.405649
1.366929 0.909680
1.081303 0.637260
4.140784 15.684152
1.371612 0.899390
0.960583 1.533741
1.217441 0.866418
1.487342 1.108234
1.658658 1.766629
2.233826 1.286633
1.649406 1.885590
0.792798 0.837750
3.956283 12.029356
4.219298 4.605523
1.192821 0.830075
4.369533 3.428098
2.105028 0.973779
1.111095 0.928376
1.061819 2.702514
1.867251 0.542565
0.505929 4.942197
0.935501 1.026133
1.982360 0.952414
0.535063 0.809671
3.282274 1.102561
1.466532 0.961999
3.284266 6.032699
0.489413 1.334986
0.808772 0.871543
1.361006 1.125431
3.449434 22.450587
2.246716 3.439122
2.176331 5.197657
0.837946 1.251473
3.920654 2.977157
0.587056 0.867352
2.487515 2.219125
0.211390 0.661887
0.715577 1.138663
1.231593 1.925593
0.739798 1.228672
2.873577 4.643592
0.852780 0.652150
1.044549 1.573669
3.203340 2.304764
0.638134 0.973396
0.634094 0.625836
0.623387 0.421962
0.784992 1.230744
0.939034 1.679092
1.895156 1.438768
4.506859 38.838910
1.046828 0.549733
3.124128 0.823204
0.421837 0.747901
3.982543 0.502068
3.493424 0.866875
2.223408 3.883174
0.962422 1.260093
0.880160 0.925886
7.167828 4.108610
2.257581 8.923421
2.257339 4.176004
1.763795 0.994302
0.713738 0.930859
1.153895 1.064211
1.912084 1.098805
0.409453 1.521415
3.982547 4.269768
1.289172 1.705318
1.434753 1.331739
6.577498 1.397195
1.748544 1.443385
1.959776 2.179312
4.170654 0.670681
0.370331 1.052749
1.443872 0.956168
9.849447 12.232012
6.936699 1.352003
1.192234 2.431432
3.911580 1.334633
3.545339 1.253044
0.983452 1.135442
1.222376 1.262102
2.613745 1.085494
0.608245 2.151469
2.008772 4.245263
0.755061 2.586904
0.639095 1.011137
1.703378 1.261975
1.424091 1.095195
9.403512 5.087812
0.316330 0.644368
0.461694 1.328697
1.332241 0.501457
0.997336 1.044400
2.466619 1.369587
0.639965 2.782674
0.823476 1.075210
0.636105 1.594855
4.806754 1.545019
1.454573 1.125916
2.590136 1.908001
2.275979 3.561516
0.602798 2.212196
2.223111 1.136870
1.551371 1.401894
0.524447 1.009766
1.008160 1.290160
7.879554 1.285843
1.830580 1.366355
4.125773 0.895068
1.139921 2.119143
1.675585 1.054444
7.681971 2.027074
11.093668 0.748720
1.282213 2.472779
