A_qso chisq
1.669482 0.863683
0.891767 1.050035
11.718692 1.151959
1.667648 0.850217
6.167050 2.061371
0.464904 1.014362
1.596766 0.999990
0.750710 0.930595
2.058488 1.110752
0.654143 1.064659
0.808759 0.961890
3.690556 0.865284
6.625690 2.313624
1.612107 2.084515
6.649780 0.508752
19.088400 0.808427
8.913583 0.781072
5.529448 2.694977
14.146549 2.391454
2.380089 1.160198
1.842384 1.033577
3.626470 1.184497
0.839924 1.086191
2.907374 1.242442
5.151969 0.927930
10.910168 0.422225
2.796674 0.719926
0.681392 1.076414
1.225743 1.100058
0.784801 0.991319
0.556842 1.433811
1.794261 1.405474
0.079921 1.113649
13.881825 1.222715
2.077389 0.904861
3.418166 2.374105
2.160653 1.233124
1.854611 1.145115
1.314817 0.925849
0.470414 1.498739
0.746622 1.272240
4.489176 0.675838
2.767532 0.856223
7.060184 1.425624
0.777519 1.288213
3.071440 2.055564
2.739721 0.990121
0.919315 1.568734
1.222528 1.387950
3.192487 2.425531
3.727713 1.596778
3.411881 0.794329
0.714964 1.106196
2.324889 1.014110
1.938690 1.192006
0.252679 1.211997
15.577235 1.830817
1.490422 1.398217
0.878105 0.935205
0.907393 0.930344
1.014228 1.418984
0.863041 1.051168
4.064962 1.843902
0.644768 1.277421
5.453043 1.346790
10.634098 0.702117
0.962182 1.013929
5.518752 1.553263
0.714879 0.900178
0.855867 0.911017
0.618573 1.045788
1.541144 1.034326
1.495831 1.202707
5.185165 0.880009
3.315690 2.605052
1.895390 1.071720
0.519819 1.173237
4.357719 0.645864
6.005122 1.313532
0.980176 1.168976
0.266008 1.130017
0.966551 1.237899
16.293618 1.525991
7.024744 1.337171
1.290361 1.200580
2.511442 1.711674
0.559862 0.942057
5.186298 2.129806
0.523782 1.255215
2.298217 0.992559
1.653748 1.055240
3.422783 0.926859
1.555924 1.090375
0.803798 0.997027
5.830704 1.317247
3.759963 1.098118
4.594132 1.563254
1.537583 1.219574
1.304812 0.771324
3.011463 2.258028
5.200692 3.078186
1.340593 0.994559
1.816139 1.036271
1.594789 0.934865
7.947097 0.870722
1.592477 1.342523
0.793102 1.147905
3.889902 0.914586
2.935544 4.265366
1.438868 1.428660
2.633984 1.570955
2.080058 0.881638
3.141727 2.785809
1.633911 0.977027
0.716356 0.939756
5.624926 0.801288
1.366344 0.997266
3.438773 0.846418
1.853351 0.899954
2.708189 0.937383
14.302340 2.585308
11.804124 9.447636
2.319913 1.920597
0.793524 1.103856
4.113514 2.216057
1.056669 0.939617
2.039254 0.872631
0.764134 0.932848
0.563504 1.114879
0.956667 1.036053
1.510136 1.058106
1.745955 0.974872
2.451252 1.028766
4.616944 3.089821
0.299416 1.039065
2.814521 1.316457
18.086247 1.329808
4.845567 0.963530
0.184586 1.047850
1.163078 1.633282
7.645442 0.852113
4.141107 2.161811
1.908948 1.666180
2.352087 1.000896
2.278302 3.391503
1.732782 0.866040
1.748885 0.868437
12.361770 0.836699
1.064202 1.044181
0.405901 1.549735
2.463550 1.003020
3.083723 2.122216
9.753042 1.798807
2.004744 1.264499
3.497618 0.979668
2.187237 1.179569
0.692495 0.893523
2.554448 0.972279
1.404820 1.530697
0.288489 1.545742
3.919881 1.508809
3.582986 8.222839
1.107573 1.133933
0.283162 1.029498
11.700260 0.602212
5.989283 1.515097
0.541869 1.332615
0.775957 0.914812
0.841745 1.002956
0.548536 1.057190
2.904978 1.537543
1.639423 1.310938
1.911186 0.974372
2.511544 1.042038
2.883605 1.299853
2.513497 1.087805
3.491216 0.997921
3.041188 1.678366
1.866148 0.848128
0.513921 1.519405
0.846049 1.096968
0.918494 1.127021
1.010120 0.911230
2.402997 1.947729
1.766807 1.679385
4.288009 3.134710
1.623375 1.358310
0.913525 1.111966
2.453216 1.356894
0.758083 1.038720
1.776122 1.300458
3.877741 1.075855
0.802125 1.626013
3.931216 1.457915
0.441272 1.187642
1.237692 1.000693
1.575582 0.918553
1.166214 0.938948
0.443952 1.099525
1.820516 0.940506
2.300217 1.544410
0.943593 1.022153
0.684457 0.901147
4.583408 4.095290
0.577715 1.026944
5.102156 1.075033
0.668016 1.079815
1.316678 1.314659
2.426304 0.845131
0.126955 0.850310
0.821703 0.895358
0.637379 1.433929
1.642614 0.731774
0.220764 0.864555
13.692742 0.507782
0.667594 1.118769
6.541850 0.674666
0.596940 0.985567
4.521197 1.718193
2.675789 0.742406
1.625431 3.068558
2.442513 1.131202
2.003813 0.999554
4.234699 0.781830
2.251206 0.769911
1.353297 1.566023
0.613841 0.982755
2.205233 1.620356
1.605226 2.066201
15.080672 1.027428
0.599990 0.979945
3.944765 29.346827
0.920516 1.124259
2.214669 1.775617
0.746571 1.028624
2.711039 1.085747
6.141946 0.676120
2.341648 1.810573
3.761568 1.131517
1.820139 1.301359
1.133675 1.131123
1.199728 1.469875
0.931351 1.218645
6.716753 0.845554
32.185548 8.508200
0.541485 1.029748
0.508458 0.991804
0.134404 0.918938
8.246416 0.491000
0.820576 1.213195
4.427222 1.185912
1.610594 1.895128
6.337556 3.134800
1.141390 1.053328
0.734108 1.642547
7.268776 2.946106
4.987717 0.880568
1.201717 1.032414
0.443293 1.677068
1.764677 1.020646
0.637470 0.995438
1.588123 2.061612
2.891461 0.865603
3.744390 0.953948
3.903945 0.691771
6.921439 0.689617
6.394585 1.487472
0.722398 1.271295
0.995925 1.851078
1.044332 1.011562
0.638458 1.040624
1.336128 0.973216
0.996503 0.961960
1.012971 2.397457
0.770817 1.871051
5.175366 1.892365
3.280253 0.979369
1.709557 0.735728
0.569252 1.400659
0.888596 0.992783
0.515951 1.414293
13.244866 1.358406
15.660015 2.538354
2.024243 1.058319
0.860365 1.247629
0.882810 0.888827
1.291159 1.108813
1.966892 1.142570
3.412381 0.837421
4.427353 3.310922
4.587137 2.707622
1.282703 1.241682
0.931416 0.936313
0.926338 1.212204
2.768906 0.835516
0.340940 1.093970
2.152904 1.307156
1.623394 1.229857
1.944091 1.401891
0.314980 0.959311
0.230601 1.278147
2.619870 2.138584
4.496026 0.869018
5.362387 0.725896
0.899894 1.131578
1.014352 1.210185
9.665283 1.934454
6.176673 0.525196
0.779703 1.124865
7.601717 0.821411
3.710599 1.956516
2.565291 1.030992
1.126973 1.366555
1.571035 1.021283
0.775292 1.566945
1.121413 1.109947
0.222092 1.166216
1.636709 2.227025
3.108948 1.435037
2.068818 0.926960
1.248804 1.199992
1.545802 1.490940
3.858969 1.563314
1.510670 1.035980
1.520927 0.913555
4.885055 2.183006
2.215406 1.036807
1.055006 1.308143
1.242049 2.352012
2.049895 1.601375
4.661313 1.651490
3.778923 1.046114
1.473064 0.906045
1.551914 1.216476
0.628985 1.013098
0.802869 0.869923
4.712349 2.114790
3.427934 1.859202
5.859257 0.895193
2.124475 0.898060
0.616126 0.973874
2.101189 1.378132
2.268446 0.951017
2.698851 0.997262
5.774747 0.574661
1.261216 1.153537
0.763386 1.240699
4.114738 0.741086
0.797825 1.117597
1.421124 1.385478
0.828574 1.399901
19.537880 0.926519
3.026023 0.999870
0.995969 1.053368
0.422425 1.400614
2.351382 0.790914
2.650802 0.987713
0.514706 1.628022
1.581797 0.942310
2.253156 1.064340
5.906436 0.852403
1.296027 1.099236
2.199171 0.759161
0.634416 0.920522
4.091285 0.818266
10.908715 4.601142
1.266840 0.807956
1.230059 1.056528
0.710101 1.172331
1.435401 1.112600
1.675080 1.645557
1.275266 1.761004
0.783692 0.839472
1.449060 1.082085
3.046352 1.488827
2.488209 1.089719
0.798141 0.922963
2.908902 0.685625
0.458175 1.097574
4.261678 0.935047
1.671355 0.976188
6.589509 3.097297
1.223607 0.870414
0.726425 1.300424
6.996271 1.932999
2.355282 0.897524
1.007519 1.333430
5.388133 1.078820
0.973285 0.965746
1.733413 1.066692
1.570901 1.809809
0.394144 0.819417
2.044742 1.194916
0.698317 0.918293
0.447811 0.911222
0.902060 1.327727
0.806537 0.849550
3.677703 2.724030
2.162475 1.147202
5.741045 1.138374
3.700666 1.086528
1.713536 1.462789
0.981126 1.078617
7.066782 1.148275
3.793766 1.560208
2.323103 1.567810
0.909650 1.682632
1.156625 1.078404
8.284028 0.988406
8.424867 1.837832
2.472671 1.673561
0.972674 0.971699
0.414555 0.976442
3.806330 2.334822
9.018134 0.760534
9.804857 1.210669
5.717280 1.851320
5.709137 0.937392
1.083968 2.341327
1.461423 0.977785
0.670237 1.431306
4.777545 0.741776
0.461805 1.018867
0.951409 0.930485
1.781354 1.004466
4.003587 0.741368
0.527507 1.375165
1.530654 1.296647
3.148743 1.859191
2.047872 1.387367
0.162480 0.979527
1.898684 1.671613
2.953380 3.949650
2.048180 1.145743
0.602943 1.382924
4.549575 0.857525
1.908341 1.003799
1.978228 0.973479
0.912913 1.235263
3.285435 1.139783
1.899187 2.878635
2.671542 1.865611
12.917545 0.717451
1.293946 1.664773
1.813613 1.113837
3.320464 0.827772
1.113844 0.975804
4.058592 1.293591
0.764227 1.149053
0.476950 1.323377
15.882925 0.345508
1.626764 1.556223
0.346190 1.116307
2.846907 1.485007
5.161010 1.236211
2.745962 1.546277
7.421759 0.724756
1.923586 0.968303
1.504736 1.099858
2.416464 0.871385
0.671806 1.035676
2.856901 1.193829
1.275466 1.063372
3.325356 1.014114
0.475664 1.004137
0.993319 0.985359
0.548218 1.001956
3.330204 1.011433
0.138709 0.985004
1.339915 0.911148
0.612514 1.040562
2.420484 0.903753
3.745363 1.720629
3.446116 0.818813
24.594298 2.462718
4.744473 1.709851
1.215112 1.253858
4.513786 4.977452
6.268627 3.941524
2.762533 0.682327
0.684695 0.837402
1.508330 1.065102
0.816599 0.917211
1.867501 1.192978
3.227299 1.263722
1.155232 1.470559
1.870016 1.121934
3.665587 1.316130
0.353803 1.049231
8.122290 1.632827
1.520361 1.183527
0.320697 0.980904
5.921855 1.110882
1.770445 0.906061
1.532714 1.151525
2.476127 1.352396
1.428359 1.599231
2.187015 0.971551
0.724135 1.029836
1.084482 1.106419
5.063659 5.477766
0.656844 1.351148
5.700452 1.098668
0.373875 1.316779
2.102855 0.983510
0.493778 1.902350
0.569244 1.072799
1.367625 1.082943
2.340028 1.890043
1.304329 0.948251
1.178623 1.307948
4.259657 0.925462
2.285007 0.871087
2.521149 1.484252
7.266558 0.429972
7.698381 0.846475
2.136427 1.603330
5.542849 2.039032
1.886635 1.054700
1.195149 0.918935
0.634224 1.248000
4.124944 1.258771
0.487264 1.208414
10.059502 1.802127
2.037060 2.037325
2.103343 0.932207
7.412554 3.120167
3.566839 1.127943
8.514386 1.127600
1.063163 1.092471
2.116924 1.015347
5.135534 0.984602
1.364227 0.810646
5.622859 0.996706
0.836683 1.142340
2.378937 1.378603
0.780678 1.239888
0.449365 1.015222
5.579520 0.999715
0.987549 2.131229
0.530827 1.498078
1.748750 1.603598
0.497458 1.043621
5.746200 0.870046
0.514748 1.095886
1.941787 1.100316
0.346938 1.136680
0.869317 0.997399
1.089577 1.096034
10.744210 0.982505
0.271375 0.896903
2.763606 1.854444
1.027419 1.144915
0.507639 1.035155
0.612833 1.423195
5.431650 0.798550
2.797791 1.154011
1.053068 1.113402
7.820598 1.382876
8.300348 2.468909
2.019101 0.643195
2.062090 2.691340
1.381033 1.603778
2.948104 1.720991
9.525287 2.027120
3.286187 0.977723
0.466421 1.136978
2.370284 0.994471
1.780826 0.733001
1.526249 1.700275
2.090279 1.670972
1.564562 1.849184
0.260181 1.128816
0.798287 1.037175
0.487426 1.120277
9.580708 4.348791
4.249386 1.475901
0.826534 1.019927
0.663940 1.055939
5.899473 0.819892
1.525104 1.006750
3.979004 0.693484
1.939387 0.994996
36.501769 2.533327
0.655378 1.717668
0.558165 1.126561
1.710420 1.971616
0.666297 1.171479
2.994374 1.919565
4.139356 3.149555
2.635171 1.779098
0.524289 1.371425
0.939198 1.157034
8.992158 1.633448
2.916451 0.770827
2.166357 0.972704
1.909554 1.074848
4.972354 0.985901
0.528666 1.329593
4.854735 1.342229
0.987882 1.176773
6.740621 0.951516
1.036926 1.376455
1.513944 1.225371
1.276036 1.160815
0.981854 1.186330
1.546077 0.922517
0.608307 1.038883
4.816428 1.115092
0.464973 1.734802
0.544329 1.422489
1.899853 0.789277
0.847236 1.002449
1.277735 1.451997
1.306993 0.981740
0.611772 1.184029
0.240833 0.990179
1.487357 1.716732
0.805522 1.086592
1.235972 1.006154
5.105200 2.250666
1.384138 1.443232
5.904655 1.074691
1.000171 1.714655
1.338373 0.903302
0.988811 0.987221
0.635878 0.899051
1.792847 2.619093
12.685732 0.817329
1.518666 1.026886
3.278720 1.205314
2.839251 1.545202
4.958859 1.908789
2.402270 1.083769
8.060421 0.881608
9.533404 0.864832
2.307922 1.667872
0.256973 1.288793
1.428611 0.867016
1.582717 1.164025
0.741596 1.180657
1.921975 1.032826
0.738006 1.038001
0.985523 0.872451
0.354375 1.385063
1.865828 1.118506
2.693446 1.267513
5.413700 0.815770
0.124787 1.169291
1.328943 1.659716
2.587943 2.521256
1.059191 1.013069
1.797845 0.855538
0.608620 1.036868
1.189020 0.852480
2.573563 1.102733
1.528693 0.999213
17.529292 2.147612
1.438957 0.870850
4.891851 0.746847
2.654499 2.267513
3.295572 0.754005
1.425012 1.478905
3.554128 0.683405
1.682664 1.503317
0.708506 0.934966
2.312564 0.827722
3.353035 0.853536
2.152184 1.213201
0.705036 0.908064
1.314081 1.020639
4.920129 2.467795
1.959122 0.979927
3.630019 1.194366
2.014284 1.095446
5.646600 1.089963
2.740913 0.927721
0.531705 1.165644
2.094475 1.125143
0.580163 1.679105
0.738248 0.848919
8.106375 0.531181
1.793854 2.079460
7.443995 1.048356
7.161103 0.509988
3.327400 16.378215
3.878506 0.971661
1.498848 2.024971
1.584527 0.868499
1.482726 0.961133
1.514730 2.272376
0.636820 0.900843
10.174048 0.913463
2.119711 1.074965
1.574876 1.125917
2.229470 1.776722
2.003285 0.824359
1.252729 0.937140
8.966600 1.386445
1.405018 1.010326
1.354128 0.890869
0.680540 1.016040
1.075808 0.957116
0.558833 1.196650
0.333029 0.902378
0.080059 1.103266
3.666262 0.913590
3.885203 0.652976
1.333031 1.288081
0.741895 1.358000
0.744586 1.017394
4.405450 1.113311
1.020518 0.986639
1.583372 1.256839
6.083690 0.859860
6.356034 0.814407
0.543713 1.101114
1.053729 1.058092
2.709618 0.888725
9.066382 0.862385
2.038109 1.010590
4.440097 1.142034
0.361621 1.058129
0.843213 0.934914
1.607080 1.045532
4.600264 3.484472
0.206932 0.932339
0.629460 1.111056
1.121094 1.123255
0.229638 1.060620
2.073332 1.345428
0.216893 0.987015
0.685558 1.218668
3.296588 1.083750
0.826127 0.940268
1.146800 1.158302
0.931901 1.490200
1.962455 1.064264
1.542354 1.286588
0.721263 1.112029
0.960582 1.325721
0.837309 0.985174
0.614143 1.010343
0.413661 0.947907
0.750080 1.818984
0.419723 1.076735
0.576210 1.189581
2.791709 1.682419
1.852413 1.342949
0.875936 1.280494
0.855843 0.791136
9.430425 1.102574
0.964684 1.040222
1.046350 0.940463
2.131622 1.951880
0.307215 0.984995
4.640675 0.811765
1.087183 3.043117
1.221603 0.948699
4.388408 1.068311
3.233474 0.928172
6.113747 2.157866
1.643460 1.209731
0.522583 1.010748
3.777577 1.809817
1.900488 1.343805
8.319919 0.578383
11.189986 0.565509
6.699261 2.685595
1.687552 1.416289
4.667668 0.763169
1.971704 0.847506
0.262619 1.193760
2.628723 1.006338
0.953001 0.955855
3.839232 0.920081
0.592484 0.928752
1.937890 2.341371
1.540792 1.136700
4.867570 1.537541
1.225851 0.989311
2.315367 1.684747
4.247339 1.157906
3.098000 0.855384
7.174618 0.694891
3.147307 1.342209
1.139230 0.865332
0.616849 1.153521
1.709097 0.992944
1.704043 1.046841
12.313992 0.643848
3.873863 0.924149
1.545138 1.248257
0.201672 1.107307
3.262600 1.668119
2.429530 1.099024
0.641517 1.301374
2.227404 1.289489
1.647174 1.623644
3.978580 0.549912
0.853685 0.902279
3.431304 0.813686
2.614344 2.176278
7.691882 0.552820
0.751106 0.871737
1.051174 1.001115
0.298764 1.253089
1.550859 1.004691
0.920200 1.132178
1.724991 0.861791
0.235908 0.959044
7.042371 1.183432
9.570868 0.873145
1.360977 1.135799
1.443187 1.345069
0.589540 1.210827
4.219443 0.885203
1.206159 1.052326
0.493829 1.213871
0.892394 1.280505
1.381016 1.773994
0.887951 1.075470
2.602216 0.852648
1.784737 1.117394
17.008534 0.971060
1.554723 1.305464
4.874521 1.329431
0.839796 1.162116
1.426934 1.599115
1.055048 1.174467
1.586027 1.390517
1.490503 1.656621
0.426901 1.064661
2.402719 0.887101
4.453623 1.066543
2.511575 1.112915
1.511528 1.060525
2.037678 1.109904
1.665484 1.247066
0.704015 1.045154
2.166280 0.810079
1.460691 1.286131
1.951120 1.669216
1.021571 1.102031
0.941570 1.338508
1.120146 0.984547
2.550497 0.720496
0.861047 1.032166
4.879752 5.089879
1.008963 1.544090
2.323211 0.879940
1.617216 1.283819
1.394922 1.170490
5.275353 4.207857
0.138159 1.227481
0.916684 1.135215
9.698436 6.160372
1.177548 1.047730
3.200412 1.499648
1.501395 0.887371
0.967230 0.957873
2.048622 0.704793
10.153764 1.039409
12.905827 0.435269
1.264248 0.895306
4.416373 1.254657
1.491951 1.010551
0.509543 1.151568
1.467754 0.732198
0.886120 1.162613
1.904517 0.865770
1.223171 0.911756
0.938652 0.983787
0.321601 0.960025
1.331994 1.126693
1.255737 1.150877
1.036719 0.987396
11.736547 0.443349
0.443053 0.883470
0.536567 1.201548
12.256069 1.227182
0.977869 1.045295
0.945535 1.231260
2.589001 0.994086
3.675451 0.800368
0.373762 1.008441
3.546819 1.441561
3.526554 2.147259
1.363977 1.394156
15.280010 5.418479
2.234567 0.815689
0.503340 2.168651
0.528950 1.535117
0.458511 1.109150
0.941093 1.286082
0.829801 1.004744
1.691858 0.921184
0.969452 0.812506
3.604500 0.839841
0.715528 1.304773
1.043732 2.030680
0.801149 1.172895
0.925213 0.987031
2.604741 0.850537
2.550223 0.876210
1.073409 1.019652
0.688894 1.623315
0.838101 1.067852
0.654039 1.011356
1.213043 1.262320
1.412053 1.023305
1.823768 1.191051
3.598967 0.740936
0.634507 1.063835
2.928720 1.102194
1.592240 1.331299
6.551853 3.109225
3.138901 0.978194
0.772369 1.130280
2.203407 1.238906
0.265535 0.967145
0.880136 1.153118
4.087201 0.766998
5.020633 1.659472
0.657839 1.272144
1.583311 1.099130
1.253036 0.818083
0.873713 1.012203
1.636776 1.297002
5.967821 2.261204
0.942048 0.960643
2.803302 1.709526
3.531447 1.160437
2.911183 0.835164
0.452945 1.035867
4.134229 3.096274
1.280511 2.659243
3.146080 1.056950
1.636960 0.878710
0.500916 1.179531
1.349542 1.060276
0.538415 0.967391
1.556065 1.257650
1.881540 0.946753
7.347835 2.293790
1.742205 0.897168
0.631725 2.942185
0.983837 1.509754
3.637783 0.964962
2.246294 1.546848
0.860401 1.099381
2.045417 1.141666
3.658227 1.548300
0.680370 2.134951
1.368501 0.905074
0.690535 0.940084
0.513410 0.958471
7.383598 3.012848
0.656118 0.858107
5.634811 1.695388
1.089869 0.869233
0.833809 1.984071
2.749995 3.500507
2.317376 1.359782
1.281490 1.068448
1.327003 1.562701
3.971851 1.026845
0.446874 2.048203
1.726582 0.902115
1.372739 0.822935
0.727174 1.157668
3.044612 1.029475
3.248968 1.399039
5.956652 0.850638
4.379248 0.901957
0.896689 1.216952
2.634008 0.987055
1.377056 0.995998
1.141940 0.924908
1.103461 0.921584
2.238474 1.840344
3.734073 0.856448
0.412105 0.982713
2.630218 0.776609
3.575640 1.397358
0.356247 1.011136
6.661787 2.630994
2.072249 1.541232
1.137362 1.260346
2.574326 2.172527
1.683946 0.976623
0.269401 1.259159
1.950410 0.835887
1.334292 1.372424
1.068311 1.610683
1.007086 1.758229
0.717505 0.986786
1.545919 1.720081
1.641026 1.079258
3.283709 5.712985
1.534307 1.017728
1.619730 1.339809
0.515147 1.047276
1.178203 1.042874
1.284897 1.958564
6.783418 0.836681
0.693666 0.946465
2.048590 0.926940
0.827086 1.385509
0.974371 0.898176
11.415035 1.452690
1.456490 1.230185
4.731282 1.297527
14.733310 0.893717
0.787728 1.545574
2.248845 1.316972
1.141408 1.062430
2.758343 1.260929
0.795988 1.015121
4.164788 1.066669
0.637451 0.946957
0.849535 1.471071
0.425883 0.926736
1.567430 1.691193
1.307319 1.384213
1.878265 1.461255
0.532434 1.034218
1.009373 1.171528
2.915864 1.795098
0.716313 1.030530
0.584857 0.963710
1.082908 0.958492
3.853504 1.438737
1.791113 1.033178
1.535796 1.538317
1.033335 0.966266
4.668832 1.099540
4.962248 1.018676
3.733943 1.056916
2.475969 1.162505
1.737405 0.790485
8.616723 0.660153
0.768436 1.222827
2.819886 0.636562
3.161937 0.882512
0.729838 0.932404
0.773137 1.563614
0.486699 1.029512
0.827121 1.265628
7.665028 2.363299
5.831926 1.055238
0.943178 1.162089
0.941477 1.104222
8.739346 1.271816
1.865556 0.853501
1.279917 1.149631
3.473230 0.816241
0.781084 0.934474
1.468658 1.504708
0.574076 1.055194
1.800119 1.575325
0.594646 1.271571
0.478498 0.982506
22.942866 14.465989
0.416990 1.182277
1.431048 1.960506
1.465240 1.131926
14.898097 0.597977
0.855781 1.097592
3.710617 2.619096
1.168955 0.960320
1.317360 1.439721
0.664356 1.697007
4.875697 0.899695
0.528585 0.916637
0.901495 1.072903
0.639596 0.960541
1.545025 1.829156
8.340340 2.284795
2.030261 1.250138
1.533804 0.955540
1.446643 0.979625
0.658431 1.002479
2.540956 0.919025
1.548533 1.008523
0.658236 1.079256
5.255652 2.575528
0.866434 1.148755
1.361166 1.009970
1.120427 1.222687
2.494603 1.886680
4.111617 2.116651
4.984490 1.417124
2.210384 1.723484
3.160203 1.497766
1.706174 1.149919
0.690975 1.001422
0.609672 1.403474
0.534796 0.975800
0.604871 1.073846
1.404262 1.453120
1.236005 0.872462
0.824165 1.270176
2.140171 0.965069
15.675475 0.361752
1.368549 0.982910
0.309554 0.982474
2.500169 1.160042
0.779761 1.299915
9.595286 0.577518
1.112474 0.882613
0.803173 1.074928
1.396730 0.895366
3.900092 1.201496
1.631514 6.031468
0.802707 1.110248
12.608825 0.809758
2.628350 1.442021
1.356359 0.957092
1.924597 0.911918
2.075402 0.874854
0.688155 0.889133
2.511022 1.074788
1.353936 1.034812
3.880137 1.635278
3.029931 1.905799
1.240816 0.921569
1.050587 1.440385
0.947796 0.941710
7.085360 1.842098
0.688224 0.923151
0.264025 0.965293
0.915647 0.947146
5.481578 1.046879
1.087569 0.946611
6.520104 2.125828
4.269647 0.750740
1.742320 0.839354
4.740804 5.610163
6.186456 1.493372
2.330775 1.039345
4.402001 0.716600
2.684205 0.838609
3.434156 1.116020
38.447076 0.462735
1.705685 1.144754
1.999592 0.843409
1.424394 0.978203
0.876806 0.893314
0.631770 1.142076
1.959693 0.939429
0.661797 1.551392
0.455792 1.211149
2.010126 2.319984
9.354152 0.714808
2.334553 1.023522
0.534297 1.023524
4.170995 1.324384
1.882913 2.055173
1.991730 1.041862
0.304701 1.129238
1.435461 0.833925
0.970602 1.019628
3.209413 1.162867
6.797086 0.749598
3.144280 1.284660
1.017168 1.071162
4.902411 7.569029
0.628384 1.251438
0.942672 1.339024
1.809130 0.996590
0.596094 1.426810
8.644475 1.636892
1.326293 1.586919
3.818380 1.919011
0.519634 0.958234
3.113302 2.632079
2.799601 0.868568
4.371132 1.213958
2.534043 0.920667
1.600445 1.084261
3.464118 1.481378
0.555927 1.314481
2.195079 1.617626
0.387995 0.984645
2.101610 1.180749
1.841987 0.884308
3.012177 0.879621
1.943875 1.859562
0.775682 1.002785
0.959623 1.168379
3.581477 0.688214
1.068751 0.958718
2.350454 0.795150
7.154823 0.870591
1.546575 1.123946
3.672119 0.689590
1.200207 2.119095
4.431258 1.212037
0.811135 1.156031
1.785174 1.021721
1.594744 1.276236
0.964472 1.374223
0.419300 1.054379
3.853967 1.164423
12.443633 0.850403
1.030645 1.471102
0.480591 1.167488
1.406756 0.984973
3.384375 1.189854
0.443951 1.952504
2.456727 2.772683
0.903250 1.114524
0.534380 1.026940
0.908290 1.565541
0.992852 0.936217
1.523643 1.347561
2.323049 1.225165
1.680165 1.047378
7.286001 1.132585
1.119372 0.904819
7.820943 1.281028
0.793709 1.138920
2.071979 1.932662
0.565799 1.064902
0.475781 1.535892
1.570161 1.038667
0.762503 0.980745
0.988829 1.075280
0.600769 1.173999
0.579727 1.063489
1.163232 1.276512
1.663519 1.005625
1.299222 0.855746
0.575517 0.814837
9.686957 1.269336
1.177707 1.223516
0.680025 0.834224
0.676919 1.029675
1.656573 1.689723
1.143333 1.243928
2.730529 0.835935
1.280013 0.988093
3.340101 1.289031
0.944390 0.816435
1.012321 0.953495
3.640501 0.788507
5.145417 3.076281
1.837995 1.014527
0.415329 1.078815
1.500697 1.475191
2.191881 1.975964
0.655799 1.208049
2.715497 0.607184
2.349019 1.196289
2.048499 1.691424
1.526447 1.009931
1.256149 1.453845
6.310623 2.955441
3.664329 0.837697
1.022182 1.659207
1.190137 1.206750
0.656093 1.137473
4.382505 1.207499
1.061953 0.911494
0.556394 1.362125
11.085380 0.775356
0.610065 1.193342
0.582398 1.104808
0.243941 1.007831
0.982283 1.104087
0.613460 0.861423
0.142715 1.148604
2.010227 0.990195
7.748350 0.771774
1.182020 0.867094
0.949856 1.000367
6.278530 1.087922
2.602855 1.336499
3.461296 1.093734
8.111537 1.580278
0.599683 1.573701
0.831985 1.343325
9.906120 0.681815
5.875124 1.194442
0.464093 1.102134
1.226875 1.000137
6.746490 0.801972
0.716535 0.899163
2.911517 0.796189
1.144070 1.128928
6.522976 1.581391
2.030532 1.180522
0.629581 1.019546
5.594934 1.746611
3.746728 0.780150
1.344556 1.223343
2.629101 1.968849
1.230085 0.986801
1.477552 1.349703
1.826012 0.833580
0.503967 0.953896
12.332907 1.373253
4.034077 0.757812
0.512360 1.721691
0.905953 0.944054
3.777928 1.147367
1.074214 0.902264
0.759977 1.226873
0.492044 1.280149
7.741961 1.589914
0.765538 1.144860
5.163281 1.237893
2.705219 0.869408
0.745378 1.472733
3.389288 1.264742
2.937902 1.294922
2.948892 1.007924
5.468139 0.752819
6.383191 1.073417
0.649188 1.287696
0.320042 1.888468
6.566165 1.028273
0.484927 1.068234
12.163864 1.791778
2.774987 2.555602
0.646433 0.918429
0.398443 0.965373
1.535702 1.450613
1.330559 0.866310
1.021041 1.010576
0.763495 1.394393
0.805805 1.259850
2.423867 1.030075
1.226956 1.048190
5.393527 0.529731
0.849505 1.177568
7.353094 0.786795
4.739116 2.937565
0.971427 0.867165
1.102528 1.363941
0.901363 1.247679
0.593949 1.470210
10.725799 0.658766
3.226055 0.863083
0.445017 1.125383
1.214428 1.056283
2.158331 1.903003
0.844873 1.050706
7.620027 1.230506
0.382062 0.920384
0.708457 0.953805
14.572582 2.485321
4.397295 1.010727
2.758529 0.938601
1.774199 0.866045
1.571794 1.601215
0.907157 1.070638
2.316869 1.024756
1.266716 0.900005
0.876785 1.581178
3.067684 0.983931
1.600310 1.047863
1.308516 0.999957
3.670507 1.016644
16.044022 1.853127
0.430435 1.338376
2.500726 0.931527
2.278164 1.954909
0.551529 1.197629
1.016005 1.022740
0.478015 1.044764
1.681918 1.259777
20.540480 3.057642
3.761370 0.750282
7.054091 1.325487
0.129126 0.900280
0.243656 1.053324
1.086792 1.010747
1.401312 1.251074
9.149829 1.222775
0.101940 1.118466
0.615532 1.025301
1.068117 1.826325
1.355369 1.198811
1.266514 0.958031
0.875857 1.012336
11.550366 2.170418
3.706071 0.851442
2.899620 1.034673
2.905465 0.838364
1.116722 1.030594
5.113911 0.927251
3.051643 1.077073
0.798214 1.051774
1.460433 1.217337
0.499486 1.098015
10.412251 1.450585
0.773228 1.216255
1.319889 0.832216
1.142890 1.218101
1.211195 1.209073
0.369944 0.941630
5.742600 1.224327
7.299995 2.568979
1.482651 1.091653
2.912666 1.243087
4.487324 1.084285
0.576409 1.057038
0.660809 1.181362
2.719163 1.379768
1.216483 1.266302
0.596227 1.497593
1.110375 1.285063
0.518387 0.973219
2.768356 1.311019
3.798430 1.134965
3.430726 1.256840
9.452053 1.594590
4.096520 1.250277
1.561861 0.986094
2.539790 0.903986
2.388107 1.160792
1.816460 1.378126
0.640981 1.152093
2.287047 0.819479
2.311341 4.283060
11.225255 1.151260
0.406032 1.226117
0.278854 0.963700
1.257069 0.827568
0.550634 1.097173
2.742374 4.226880
1.565982 0.930041
2.541770 1.108922
2.089394 0.914832
1.077423 1.890473
9.644232 2.620402
1.126589 0.877812
0.258891 1.077813
0.197222 1.083568
0.630092 1.121190
1.810643 0.774425
1.049100 1.266170
0.165666 0.922014
0.701391 1.322993
0.676475 1.123020
0.422730 0.962451
0.763360 1.373101
0.587176 0.996066
2.123380 0.988476
4.578610 3.773478
1.965060 1.240643
0.864399 1.026699
2.640390 1.619547
1.772363 0.813002
8.164917 7.949421
15.900953 1.098545
2.422193 0.854068
3.623280 0.754594
1.654904 0.968985
1.470405 1.320229
2.330086 1.521466
0.729075 0.935800
2.571472 1.143954
1.720731 1.726312
0.610999 1.078609
0.202765 0.894987
2.689854 1.033428
0.612046 1.143648
1.052629 1.007078
0.920516 2.283770
1.045426 0.863994
1.543989 1.094006
2.060221 1.684164
0.605547 1.046206
2.472858 0.992710
2.260231 2.920911
6.161584 0.570141
4.134122 1.354907
2.072744 1.464753
4.968051 0.889762
9.300389 9.318851
3.324247 0.595818
1.073652 0.820751
0.679061 1.493189
1.302082 1.149936
0.952850 1.269825
3.378970 5.634556
10.444251 1.059191
0.587157 1.659705
3.334276 1.097999
0.684437 1.030809
1.155488 1.055672
2.263816 0.884087
0.962575 0.849767
2.084191 0.903950
4.139408 1.713399
7.398035 0.806419
0.630258 0.920428
3.820556 1.213893
1.018764 1.360396
0.958801 0.810621
1.391946 1.189319
1.200194 1.296038
7.485342 1.013302
9.168578 0.752629
0.359889 1.874483
1.225136 0.857888
1.568651 0.939321
17.989216 0.960733
1.458491 1.253571
4.972537 1.291356
1.051613 1.241438
1.344026 0.880526
0.159455 1.152693
1.501787 1.212611
2.536313 1.008913
2.171465 1.360872
1.370445 1.124011
0.635284 0.854193
0.873430 0.987950
0.528736 0.994785
1.886565 0.904120
1.040195 1.012829
4.243983 1.000964
0.779899 1.141447
6.079809 8.149402
0.834498 1.279443
3.346883 1.094591
2.544692 1.129608
20.714805 0.368660
2.613135 1.602228
1.355208 1.457301
0.714397 0.908966
1.285961 0.990979
1.328209 2.071797
3.381367 0.983965
9.199823 0.735015
0.902099 1.064180
6.690958 1.525054
3.365326 3.326669
0.378970 0.988898
6.502253 1.293495
2.609695 1.507998
0.559717 1.413131
1.374346 0.936113
4.317243 0.625789
2.372333 1.214997
5.521076 2.466881
0.321863 1.033828
1.330330 1.064103
3.242201 2.039466
7.399931 0.854876
0.667393 0.976705
2.112756 1.426069
0.033406 1.005338
0.757562 0.983926
0.719154 1.076433
3.463099 0.793788
0.997842 1.135327
1.380074 1.108860
1.929697 0.754580
0.914835 1.109564
0.904386 0.954332
1.467357 1.525932
0.932126 1.208630
1.126032 2.110929
7.852435 0.677201
1.219260 0.831765
0.686585 0.958091
2.017077 0.790642
2.455991 0.956344
2.979429 1.148875
0.694886 1.044632
0.617303 1.238392
4.159054 0.860026
2.649429 1.501008
2.628249 0.879563
1.130439 1.160794
1.011084 1.703416
1.340214 1.149479
0.339342 2.257648
0.770653 1.179731
1.560601 0.801273
5.184167 1.385916
0.418321 1.577398
6.559511 0.606862
4.319029 1.217026
5.348671 0.707156
1.210752 0.952347
0.877701 1.010794
2.077737 0.796275
0.593221 1.105770
2.604818 1.228569
1.678435 1.331985
2.646341 1.157646
4.249788 2.852681
1.807322 1.396867
1.012688 0.889241
1.457650 0.988822
0.782734 1.462866
0.902994 1.009575
1.195627 1.037127
1.247619 1.080153
0.934071 0.956944
0.804861 1.021596
1.126763 1.379630
2.524306 1.002192
0.441462 1.591265
5.853913 1.802033
2.181458 0.991633
3.946614 1.102618
4.583295 1.877575
2.010657 1.188496
2.973143 1.100956
0.576937 1.601868
15.431807 0.994232
2.040817 0.826667
4.776874 0.959124
0.855622 0.794091
1.278404 0.859226
1.858561 0.884340
3.856635 0.819429
1.278165 1.120854
0.198534 0.966058
7.320455 1.270037
0.380141 1.220584
1.901316 1.029323
3.011647 1.255520
8.061579 1.546695
0.561845 1.149821
2.718790 0.792873
0.849244 0.910164
0.600033 1.020720
1.553982 0.909421
2.032979 1.122741
0.461446 1.508302
0.255475 0.964950
0.682481 1.073490
1.197808 0.868688
1.262172 1.024637
3.291727 0.731972
3.588626 1.477435
14.301353 3.340787
0.828403 1.154251
0.339518 1.136195
0.557671 1.740744
0.365783 1.039689
0.406715 1.059258
5.510699 1.105943
1.087111 0.931397
0.714432 1.044348
4.406455 1.085909
9.398377 0.641532
3.103667 3.054152
1.211279 1.015417
2.185032 0.830700
4.891549 0.826617
4.275331 0.855669
1.242580 0.988195
11.335595 0.612417
0.226163 1.121953
3.089523 1.111020
1.351982 0.872498
4.162832 1.052570
0.186890 1.177706
1.092044 0.856782
1.373848 0.858832
1.135900 0.901403
4.465045 0.918591
4.667983 2.009524
1.068336 0.993149
13.124090 0.559923
1.604168 2.154859
2.015738 1.347116
6.650028 0.976047
2.111168 1.607979
3.116437 1.310568
5.565707 1.331921
0.784900 0.963153
3.205385 1.522660
11.649282 1.062019
0.939605 1.176815
2.249535 1.157506
0.165288 0.959048
0.699827 0.881102
2.769557 1.651966
0.520564 0.882730
0.874368 0.833309
1.002271 1.253231
4.001780 0.952960
12.623273 0.934764
5.530279 1.309478
4.013751 0.862055
0.729821 1.430019
2.086824 3.368263
3.525615 0.800418
10.983911 1.591480
4.355247 1.226900
0.665780 1.028985
1.864625 1.575954
1.180257 1.524485
3.771524 0.946520
2.779346 0.835667
1.733773 1.168819
0.176436 0.933085
1.239245 1.111839
1.824620 1.135509
0.171440 1.114463
1.756587 1.411276
5.238253 1.287456
1.802667 0.915483
3.243011 0.750849
10.497013 0.702861
2.254346 1.921051
2.067572 1.282312
0.184144 1.174756
2.159725 1.294497
8.003596 0.523004
7.289189 1.558937
1.574658 0.797480
2.606174 1.203831
1.281942 1.220413
6.484316 1.111295
0.887574 1.103470
2.307814 1.769842
1.899483 2.318861
1.689570 1.762796
2.132170 0.944786
2.067186 0.809475
1.293863 1.432816
2.661142 2.590114
4.502109 1.494599
0.849823 1.429218
3.140894 2.332996
2.771228 0.989327
4.964313 2.668432
9.295167 1.147322
7.186286 2.249863
0.931385 1.585118
0.685471 1.750254
3.514375 0.671435
1.138734 0.947972
3.728985 1.554597
1.581799 1.926253
13.334185 0.555113
1.499385 0.932743
4.356427 0.922277
0.361664 1.045956
0.410188 1.200695
1.119379 1.174270
0.400490 1.249354
1.029294 0.914317
2.443783 0.994602
0.421447 1.115834
1.180855 0.974672
0.982290 1.347376
7.864950 0.837024
0.855769 1.134449
0.481255 1.653903
2.047797 0.969585
1.772433 1.183711
0.650395 0.939926
0.806655 1.099056
0.836679 0.798452
0.853176 1.225435
1.383341 0.864137
7.964214 3.293529
0.647090 1.181760
1.336643 0.968441
1.355080 1.049557
0.460972 1.169234
0.789580 1.212570
0.407844 1.144918
1.934862 1.206525
0.591189 1.209548
7.752064 0.914015
0.498522 1.084045
1.224937 1.016638
0.936803 0.994860
2.462883 1.356354
1.337084 1.030763
5.374501 1.409257
4.360221 3.611465
2.885790 1.101272
0.485326 0.892702
1.157742 1.199023
2.199649 1.281722
1.095977 1.303217
5.638839 0.619092
2.341952 0.988946
1.784181 0.946442
0.727539 1.558187
0.948256 0.909038
2.064811 2.347622
2.905618 1.177677
2.423277 9.345595
0.846362 1.109095
2.100839 0.950739
0.855830 1.207487
4.163832 1.393574
0.460457 1.139787
10.120579 2.187620
0.566103 1.367961
1.884851 1.900846
0.674226 1.017732
3.140061 1.350607
1.177421 1.110565
1.323790 1.122503
1.133412 1.395159
0.357466 0.976886
0.640020 0.982027
0.851790 0.929969
0.498598 1.289605
1.603631 1.241682
0.887031 1.829133
4.593988 0.760714
1.536700 1.009816
3.137676 0.788423
1.153099 0.917605
0.703350 1.058352
1.034458 1.444214
1.063285 1.761879
1.794428 0.947084
2.321497 1.048268
5.199841 0.668059
2.010752 1.100508
4.647439 0.807341
5.663759 1.502491
0.702598 0.994195
1.779100 1.027850
2.409665 0.897999
1.596741 2.062632
0.848076 0.861405
3.821973 1.465951
0.913779 1.607595
10.317452 0.952873
1.368063 1.004028
2.145476 0.787682
5.339379 1.011528
2.761253 0.853114
1.931039 1.347341
1.749223 0.961513
0.758194 0.857347
1.332399 0.874772
1.001503 1.016383
1.575078 1.830461
2.323111 1.602939
4.611391 0.929500
0.619410 0.938269
1.279723 1.085157
0.598918 1.979300
5.463202 1.982790
1.454104 2.479454
2.173434 1.809384
0.747682 1.241772
2.722092 1.075903
0.660974 1.234546
7.038598 0.994475
1.534065 0.977134
2.330240 2.098961
0.715125 1.058516
0.221697 1.227991
1.902111 0.819863
6.250849 0.920861
2.081035 1.364100
0.214459 1.027637
0.444495 1.234234
0.973312 0.928271
4.201962 0.959960
0.833003 1.001602
1.102764 1.223829
1.589933 0.885236
1.643071 1.140687
0.646972 1.847450
2.079245 0.941599
1.591897 1.186335
1.048016 1.280553
0.933755 1.018200
1.408690 0.975746
0.929446 0.933105
2.103960 1.078271
1.428732 0.940480
0.748170 0.988588
1.372029 1.295484
1.216982 1.432871
4.049944 1.283528
0.843726 0.919766
11.533949 3.496508
1.879089 0.919249
1.340049 1.894698
0.390421 1.369950
0.545022 1.214569
0.478731 1.207203
2.110450 0.887275
2.160441 1.682184
1.754170 1.024010
2.196992 0.829265
1.777069 1.016495
1.782659 1.321272
3.003883 0.971489
0.547220 0.965317
2.817243 1.916558
2.123445 1.348880
1.649772 1.050353
2.650493 2.286282
0.816172 1.600804
0.178489 1.206781
4.421663 1.466959
1.407590 1.160513
2.027480 1.013668
1.509673 1.054156
0.398677 1.621842
1.996213 0.988876
2.418928 0.870570
0.636148 1.021406
2.105119 1.303138
1.165941 1.223220
1.245535 1.332304
0.812346 1.182872
3.369102 0.915712
0.602404 1.091799
0.800706 1.126442
3.042104 0.992297
0.995774 0.919440
3.234160 1.225924
5.447838 0.575222
1.375142 1.090021
1.167755 1.216363
1.087326 1.182584
0.975165 1.537219
28.542537 1.693472
0.765142 0.894093
1.297878 1.180516
6.061821 2.409870
0.859762 1.121378
2.512984 0.805691
0.402040 1.027532
1.196521 1.084542
1.251444 1.085347
1.342200 1.242472
1.248937 1.119426
1.390241 0.896041
0.621361 0.890141
2.937988 0.965880
1.699762 1.085927
9.521281 0.975762
4.116766 1.793486
5.496534 0.934895
0.492662 1.200516
0.886513 1.343801
1.314696 1.018885
2.820776 1.194456
2.079532 1.275805
0.485198 1.089208
2.799076 0.890075
1.035560 1.115828
1.645889 0.980294
1.008713 1.398677
1.247551 1.146354
0.615182 1.019932
2.269269 0.910874
2.282028 3.891079
1.487443 1.290185
0.636725 1.491633
5.902045 0.836572
3.953579 1.367060
0.906964 0.888015
3.379192 1.173991
1.536171 1.680092
3.002699 1.040728
1.034724 0.969974
1.149916 1.182929
6.178084 5.970979
2.010902 1.395248
5.222626 0.981102
6.114981 2.963036
1.215025 1.200699
4.935781 1.136571
0.647071 0.957002
0.815174 0.830221
4.783671 2.163051
3.532951 0.709715
0.968812 1.151937
1.555498 1.379480
0.687933 1.005664
1.697789 1.206485
0.377169 1.030199
1.484241 1.062784
1.274561 1.241004
5.111154 3.347845
0.837738 1.188152
7.286330 1.036311
1.893529 0.896267
0.622593 1.377296
1.229158 0.911476
0.917072 1.114585
1.416736 0.811563
3.595258 0.897896
0.670830 1.293959
0.530027 2.061441
1.833280 0.861524
10.192930 0.711112
0.266478 1.062938
1.725084 1.350771
0.947483 1.084011
0.478529 1.013585
0.701228 1.080502
0.811621 1.127086
2.774649 0.870450
1.646804 1.529640
0.434145 1.054480
2.907077 1.324982
0.657435 1.106853
0.722248 1.086038
5.654663 1.946156
0.485310 1.364814
1.275142 1.715872
2.077269 1.181225
9.941758 3.393182
0.868950 2.222793
1.877534 0.874173
1.119964 1.411212
0.998379 0.863510
1.267798 1.093378
4.102567 1.066864
5.558448 0.617804
1.170320 0.867190
1.358822 0.858724
1.238228 1.160962
1.297844 1.025995
1.237424 0.903619
1.382178 1.393169
2.208529 1.071795
8.722622 2.655789
1.584193 1.700437
0.578956 1.007772
1.595048 1.219918
3.342924 1.641108
1.778105 0.773323
3.236891 0.891939
0.677118 1.088205
9.183391 1.145602
1.245085 1.329302
0.258220 0.941128
2.819627 1.277290
1.969427 0.853041
0.793197 1.135572
3.725719 1.514434
3.255001 1.385056
1.200136 0.855495
2.565417 1.078301
2.707426 1.402240
6.790210 0.626542
0.987395 0.998938
7.312715 4.454894
0.597898 1.349224
10.277420 1.445416
1.026745 0.960959
3.181342 1.064387
2.679462 0.848398
12.630578 0.857323
0.317226 1.992481
0.696791 1.680851
0.643767 0.918276
0.714011 1.113960
29.450068 4.320798
1.158523 0.872763
2.552839 0.885067
2.639436 2.523020
12.722768 2.822233
5.894523 1.567469
2.667655 1.181801
2.797426 0.821251
2.328211 0.995656
1.095484 0.902536
2.088383 1.127135
0.397208 1.358245
1.301631 0.889237
2.120163 0.858172
5.545282 0.833743
8.513103 0.714496
0.452155 1.704779
0.794920 1.113896
10.985113 1.174770
0.865904 1.087601
0.576901 1.062040
0.097297 1.119707
0.237586 1.298511
2.295924 0.948671
0.133639 1.136050
1.249514 1.152016
0.977959 2.055280
2.732981 2.256797
8.169017 0.705417
2.517754 0.945795
1.668395 1.858467
0.779715 1.353327
4.966835 3.143255
2.992725 1.337808
1.077162 1.216474
1.442408 1.111692
1.137379 1.255603
1.466460 0.981314
2.067709 0.923313
1.121497 0.829803
7.986421 1.835278
10.532054 1.052215
2.266686 1.191497
0.936148 0.957294
3.952311 1.683227
2.985450 1.145532
5.535222 1.007888
9.399686 1.027565
2.742715 2.107875
0.204606 0.916922
1.157177 0.977313
0.703073 1.176187
0.748160 1.094067
5.985735 1.671703
1.002476 1.310934
1.895164 1.303313
2.242691 0.902302
0.637356 1.162350
0.736407 2.064330
2.831558 0.852241
1.126366 1.005149
1.560313 1.537316
2.653576 1.040668
4.285931 1.085754
0.048023 0.982176
9.971981 1.057502
4.956274 2.373866
4.024283 0.684070
2.858812 1.115200
2.382862 2.329943
0.811387 0.901845
0.917566 1.874526
1.952890 1.682652
1.064158 1.019145
1.810252 0.870498
0.433847 1.282789
1.506936 1.244874
0.669934 1.057931
10.062573 1.358588
3.513917 1.451861
1.058547 0.903097
0.608527 1.117806
1.676641 1.015637
0.110598 1.008605
3.660751 0.869668
1.734763 1.071604
1.799364 0.992146
0.827446 1.802421
0.802236 0.953405
0.563031 0.920740
1.262771 2.004635
2.677221 1.015673
1.456586 0.984138
6.990682 2.242979
1.271142 0.972180
0.996968 1.638448
1.305886 1.580990
0.477864 1.098081
1.517385 1.141354
1.172955 1.083664
1.480021 1.081781
1.271001 1.158761
0.533003 1.080416
1.868933 0.954256
0.784054 1.182678
4.495356 0.870879
0.828750 0.887932
12.810400 2.545604
1.952250 1.120744
2.176437 0.762670
3.547650 1.226645
13.216586 0.640884
1.739936 1.260026
0.796330 1.203536
7.407233 1.529640
2.504970 1.288005
0.761440 1.219008
1.136353 0.811963
2.266704 1.070140
2.788103 1.394576
1.675608 1.020980
8.186913 1.455176
1.100268 1.026641
0.615458 1.103043
0.614623 1.593861
3.744409 1.071303
22.742700 1.391833
0.645107 1.181280
0.858753 0.919516
0.261706 0.873840
2.134748 0.966555
2.779677 1.433162
1.688899 1.433241
2.709397 1.595204
3.448032 0.699055
0.939084 1.028398
5.914453 0.859445
0.954405 1.118575
0.174109 1.156374
2.050691 1.010486
3.594836 0.832632
1.777580 0.953931
0.616758 1.021988
1.278542 1.011789
6.144569 0.670547
0.925187 1.161799
1.764122 0.897892
14.721991 2.437211
1.092619 1.264900
3.426152 0.781052
1.019510 1.015850
2.145057 0.915431
2.228465 1.259159
0.748462 0.999957
0.890248 1.256028
1.108069 0.932025
2.736752 1.269287
1.443078 0.928344
1.629927 0.994540
6.950256 1.384463
1.964569 1.242730
2.555698 1.204646
2.265848 1.144986
2.541815 0.903944
1.359196 0.920396
5.192456 1.157311
1.699757 1.070747
2.964185 1.285876
2.207487 1.160239
2.031074 1.052301
0.203478 1.267376
0.883741 1.617422
0.792162 0.943048
1.857589 2.160023
0.736810 0.989914
9.424027 1.196368
0.833882 0.996132
1.719443 0.952953
1.548813 1.315655
1.167010 0.855329
0.647205 0.902333
4.917552 1.369433
3.801824 1.652982
1.925128 0.853453
1.084915 1.299689
2.263209 2.603088
0.778126 0.937452
2.170916 1.024678
8.906139 1.241368
0.712996 1.635347
1.521639 0.839217
15.944481 1.786876
2.727867 0.941393
2.025551 1.590448
17.056754 0.450784
1.214223 0.746984
1.135794 1.110780
2.452519 1.207535
0.772686 1.430923
1.585232 1.434989
1.282156 1.126246
2.512809 1.004147
5.726893 1.357921
2.095188 0.967858
1.308808 1.200087
1.426744 1.585003
2.209318 0.905604
0.654956 1.137424
0.689583 0.913954
2.292061 2.295998
0.972233 1.284704
2.661760 1.488824
1.167141 0.885487
1.455578 1.083434
3.693973 1.756674
4.538240 1.949130
1.263817 1.410425
0.535274 0.938571
0.475526 0.869592
2.559185 1.915176
1.918696 1.508743
4.851522 1.102714
0.461915 1.792783
1.385335 1.140131
3.774153 2.071121
0.746056 0.924117
1.444619 1.182835
2.323473 2.625459
0.844629 1.070312
1.366587 1.130860
1.283001 1.038368
1.192191 1.430670
3.106577 0.816130
0.196574 1.204850
1.468141 0.963015
2.898761 0.793054
1.327957 1.130076
2.547834 1.665727
0.691930 0.963245
0.612515 1.158168
2.358288 0.908533
7.029148 1.088139
1.716476 1.294250
0.536985 1.469750
0.664608 1.658386
13.833794 1.197361
4.147964 4.305029
0.774079 1.121160
2.335112 1.015114
0.923583 0.857765
7.866539 0.562164
1.352305 1.011825
1.263262 2.758385
0.296824 1.421891
1.622248 0.882146
1.149832 1.076570
0.591873 1.154981
2.466377 1.217991
1.410554 1.554925
1.002627 1.760340
0.488615 1.535410
1.584193 0.905694
21.192413 6.271543
1.004191 1.093708
0.829648 1.692461
0.298241 0.962912
0.469012 1.184038
1.396611 1.131641
4.881079 0.737393
5.245113 1.254712
6.220043 1.871387
1.924090 1.091607
2.532893 1.467077
1.073107 1.218768
0.966874 1.217293
8.368871 0.846081
4.329581 1.169280
2.309817 1.794609
0.972097 1.032034
1.183370 0.935555
3.732133 0.892212
1.941178 1.433978
5.807171 1.081713
1.346658 1.786605
1.334967 0.871586
7.369167 0.496999
2.247164 0.914794
4.926613 1.357967
0.761717 1.340096
3.898623 0.599397
3.570792 0.767421
2.438569 1.134236
2.727079 1.403696
1.107111 1.179709
0.323597 1.139037
0.732764 1.125051
0.771397 1.147493
5.153535 1.130569
2.284953 1.387427
1.588312 0.907255
1.690140 1.874941
1.403842 1.012001
0.230517 0.963537
2.077023 0.852375
5.770371 0.867523
2.298729 1.244301
1.000152 1.024912
9.252442 3.415423
6.806251 1.454226
1.868924 0.992412
2.143101 2.015810
11.840831 0.438975
10.019601 0.563055
1.205637 1.268991
0.964489 1.161411
0.481596 1.088793
1.811862 1.988449
0.892684 1.064266
1.071024 1.044534
2.524130 1.117000
0.670764 1.647141
0.488812 0.936744
0.450852 1.225180
4.527471 0.836093
0.912702 0.962595
1.540499 1.803028
1.084149 0.848077
2.154940 1.031147
1.401108 1.117349
0.815708 1.392600
1.278492 1.418078
4.587276 0.826499
4.274795 1.066381
5.072880 2.536283
4.343662 1.045474
0.120775 0.903195
1.283311 1.698426
3.924498 0.838192
3.276326 2.513060
2.055321 0.722809
0.710043 1.008440
2.588459 2.416085
11.013053 1.436725
0.854567 0.934166
4.376793 0.833695
1.041951 1.114233
0.617805 0.996048
1.166708 1.184185
1.922323 0.958321
1.219719 1.105792
1.532858 1.014703
1.517257 1.365761
0.869923 0.889328
0.473738 0.960272
0.999904 1.203592
2.919650 1.126651
1.470779 1.634107
0.311300 1.161693
1.703945 1.059613
3.941001 1.816755
1.535942 1.963806
1.468612 1.366409
0.976702 1.088380
2.772855 0.891714
7.630361 2.577205
2.184273 2.824783
6.419383 0.675877
0.448528 1.310968
3.507178 2.991330
2.316968 1.383963
1.543742 1.512446
0.549531 4.642359
0.927508 0.924084
0.474276 1.185925
1.449299 1.348234
2.927575 2.920702
2.928026 0.930764
0.679468 1.455390
1.747565 1.367654
1.199922 1.072512
0.968215 0.976628
2.440301 1.347080
2.076368 1.118108
14.292569 3.949197
1.945762 1.035854
1.311080 1.938008
0.995818 1.128533
0.462664 0.964174
1.007061 1.965299
2.913795 5.792257
0.853963 1.454469
5.513030 1.050827
3.112891 0.753516
3.053177 1.078454
1.610231 1.132943
2.158895 1.291836
0.834974 1.384328
1.221756 1.579026
0.233849 1.013687
1.066461 1.006637
1.088574 1.357646
0.931962 1.633546
3.717514 4.258320
0.979798 1.506173
0.554651 0.962595
1.491563 0.978524
0.742131 1.893179
0.830714 1.113088
0.939765 1.022770
2.658493 2.056397
1.030097 1.096378
4.426604 1.089962
1.347712 1.431231
0.270183 1.224540
1.428359 2.111528
0.968363 0.824713
3.657038 0.914649
0.834261 0.987213
14.417690 4.532296
0.803578 0.912344
2.105521 1.080831
8.979532 2.321402
2.367928 0.938841
1.238745 2.540809
4.091947 0.670301
0.513122 0.948399
1.024494 1.499431
5.943620 1.873540
2.042783 1.662556
2.751658 1.151143
5.099673 1.975138
2.335193 1.294260
1.208268 1.683644
1.040221 0.989092
1.569891 1.033552
6.802031 0.671317
1.640877 1.500223
0.790453 1.231749
0.893152 0.905458
2.267888 0.919704
6.488928 1.340192
0.616309 0.932246
8.042179 1.895966
3.120345 1.650025
12.256583 0.410361
1.578166 0.993365
2.110483 2.725041
1.080922 0.998458
1.963636 2.043449
1.697365 0.838553
2.349383 0.800003
2.101058 0.819966
1.039861 1.295878
2.019011 1.678556
2.209001 1.306119
3.501771 2.870146
1.109252 0.994311
0.623511 0.995839
1.084581 1.096880
4.927783 1.435783
5.297671 1.032630
1.116406 0.950167
2.449027 0.843182
9.036935 0.584944
1.213322 1.500074
0.414074 0.867951
1.233387 0.921564
1.152090 0.802675
3.832481 1.109637
1.044280 0.962045
0.728189 1.672362
0.973967 1.059454
1.598760 0.881566
0.739779 1.393728
2.950939 1.119806
3.443605 1.857351
2.862773 0.790872
1.416844 1.577455
3.002641 3.164015
1.795577 1.183688
2.674108 1.318125
0.696911 1.110135
1.322554 1.012115
0.476954 1.113246
1.736772 0.807802
3.627609 1.124607
1.135503 0.938063
7.403859 1.590102
1.502047 1.185813
0.760281 0.952979
4.388508 0.538881
2.232269 1.484622
3.452580 1.652556
3.284664 0.987766
0.356703 1.036251
14.206615 4.989820
2.545911 1.005611
3.494695 1.063796
0.906275 1.365130
7.704454 0.569141
2.270629 1.286609
3.150615 1.533548
2.084014 0.892653
2.534142 0.970624
1.132227 1.828133
1.014661 1.215201
3.913079 0.719719
1.231196 1.076402
1.511379 0.877772
1.605604 1.226630
1.646679 1.635625
3.160296 3.292272
4.453598 1.057417
1.343241 1.157130
0.753490 1.163878
1.540562 1.026055
0.686248 1.180558
0.630490 1.186831
2.788808 1.780457
2.080689 1.484390
1.346403 1.049829
2.297191 1.759725
0.182276 0.979698
1.766139 0.986809
8.671528 1.585219
1.713802 1.141684
1.185943 1.567290
1.435969 0.853715
0.979981 1.231769
0.948678 1.397237
1.392674 1.022407
0.397769 1.303041
1.749826 1.031634
0.261714 1.298821
0.600577 0.978787
1.895314 0.741466
1.317316 1.226050
0.932564 1.321969
2.904790 0.982830
0.848322 1.171017
1.747374 0.798443
1.786918 1.205925
0.379401 1.185146
1.693611 1.344409
3.444686 0.693953
5.470213 1.043331
1.846023 0.971843
4.725980 1.373736
5.360244 1.091057
1.212410 1.016571
0.641825 1.294865
2.859990 0.924477
0.947849 0.955829
0.865577 1.509822
0.871752 1.066082
2.320120 1.249656
2.575149 1.132484
0.110668 0.929790
0.743273 0.947038
1.151419 1.516646
0.636133 1.106108
2.304104 1.279694
0.596223 0.775052
1.179896 0.889048
3.847790 2.270993
8.243322 0.758674
3.277140 1.064267
1.986626 0.884215
2.100990 1.222479
0.786506 1.068605
1.830187 1.499226
2.140879 1.095604
5.954068 0.722284
1.078636 1.286071
2.687002 0.870316
7.095468 1.760321
2.424430 0.946524
1.015275 1.070876
0.207308 0.922426
4.540653 0.605675
0.679560 1.100149
5.683030 1.767706
2.889363 0.777589
4.152184 1.192222
1.114911 1.135814
1.833876 1.152130
2.231363 0.965972
0.660231 1.078188
5.719504 0.666310
0.560977 2.024016
37.725325 3.163113
1.997115 1.294101
0.669997 1.087272
1.118047 1.138875
4.501214 0.726411
0.429961 1.204491
0.617897 0.924745
3.342381 1.169100
0.727824 1.022959
2.306929 0.895533
0.461151 1.120614
1.150936 1.010852
0.812064 0.897839
0.849001 1.072849
0.269273 0.854439
2.666154 1.381105
1.824103 0.875440
0.659044 1.121881
0.907493 1.400273
0.762525 0.986858
6.322025 0.778226
1.006279 2.000107
0.681324 0.872769
19.123447 2.063477
5.930220 0.892622
1.552746 1.057502
2.037722 1.427905
0.814142 0.885753
0.715949 0.907671
1.034998 0.899101
1.010064 1.521345
22.294294 0.647687
2.213296 1.176477
1.787461 1.911426
0.701697 0.931932
1.799556 2.063127
1.370002 1.012363
3.221541 0.862139
2.859610 1.279516
0.265153 1.219705
1.323376 2.005091
0.322385 1.082716
0.912354 1.217992
4.074747 1.227319
1.270687 1.391258
0.870774 0.825206
1.310189 1.849229
0.656635 1.598150
0.880027 1.075299
0.248572 1.192426
0.321781 0.879869
0.218294 0.915720
1.099379 1.349038
0.978887 1.172743
25.760816 2.155187
1.294177 1.175165
2.781396 1.360559
1.499364 0.767265
2.671019 0.682298
0.844771 1.265401
4.126060 1.151008
1.390942 0.773663
2.886728 1.190766
1.403160 1.350960
1.826992 0.870346
3.576979 0.703090
1.691972 0.868095
2.814815 0.903598
3.254340 1.243254
7.045301 0.702921
2.678117 1.008245
0.888979 0.918185
0.563253 1.237321
6.439991 0.814581
0.082205 0.890493
3.866414 3.858855
0.394991 1.444132
1.008175 1.249692
0.591314 1.839250
0.622311 0.981190
0.649150 1.046920
2.526783 1.867071
1.339951 0.973704
5.515822 0.663183
0.570872 0.898153
0.839264 1.368785
0.809631 2.311739
5.726692 1.563073
1.621114 1.160116
1.570589 1.542877
4.366214 0.826154
0.781943 1.091147
1.949206 2.236912
8.137777 5.354025
1.414394 1.119136
2.353402 1.011934
0.290973 0.916906
1.572291 1.223075
0.805747 0.967341
0.593150 1.404616
1.469739 0.924228
1.708395 1.381248
5.149303 1.214653
7.236451 1.283062
2.136230 1.637171
2.257213 0.732394
1.275644 0.969887
1.620756 1.018884
4.844080 0.997523
2.399103 0.939187
2.441820 0.942899
2.147694 1.374085
0.913146 0.966683
6.642470 0.821690
6.998797 1.289355
1.217874 1.215123
0.997960 1.738453
1.141433 1.016101
0.810131 0.816409
5.724955 0.818138
1.580071 1.152496
4.323270 1.526438
1.771424 1.029118
0.613068 1.235727
0.996728 0.931187
5.494395 0.902900
5.240087 1.661465
4.243621 0.707137
0.427895 1.510039
0.107731 1.060158
0.708679 1.154136
1.877738 0.987111
1.479665 1.250775
3.522840 1.204944
0.852256 1.308153
12.458049 1.025446
1.600572 1.296151
0.352911 0.879756
1.610971 1.202221
3.848047 0.824656
1.127562 1.671439
1.999585 1.588766
0.875239 1.070027
1.510540 1.223464
1.558546 1.031360
0.661142 0.928312
5.762639 0.976552
1.962148 1.287919
7.232693 0.987697
0.880387 1.995912
0.852673 1.137265
1.883608 1.818748
0.584298 1.041982
0.257358 1.119875
2.973867 1.125233
0.652207 0.985332
0.739486 1.104276
3.713951 2.663602
0.457503 1.374847
1.333955 0.960903
2.559775 1.644214
1.241694 0.944233
0.360179 1.529483
0.775280 1.226641
1.251012 2.201323
0.729877 1.296353
0.657045 0.968767
0.542891 1.199722
2.051364 1.582005
2.166308 0.865814
0.557270 1.099149
0.801240 0.982116
0.865591 0.932171
11.702281 1.541524
1.055068 1.260233
1.006745 0.945609
1.751638 1.147860
3.527721 0.769427
3.087812 2.347457
0.932145 1.824390
2.450862 0.918304
1.281711 1.515178
1.537640 0.999697
1.119484 0.944558
0.961432 1.074171
1.293477 0.976836
16.189799 2.540596
1.003083 1.199047
12.623690 0.591752
3.122746 1.222003
0.699783 1.341812
0.806492 0.981816
1.450734 0.974752
3.747182 0.719073
1.588326 1.234184
5.415702 0.747257
0.555207 0.971042
1.900843 0.850717
1.758014 1.085012
4.130257 1.324664
3.460324 1.917243
0.780890 1.378899
1.122216 1.107178
1.218344 0.928198
2.675299 0.821695
0.642754 1.261724
7.304197 1.315715
2.800518 1.146015
1.567706 1.101973
4.526814 0.600759
1.091783 1.301921
2.583310 0.942808
18.128102 0.532264
3.622944 1.023871
1.553628 0.823231
1.312683 1.057155
1.911589 0.891239
1.948218 0.853568
1.290508 0.785184
0.998876 1.281997
1.753871 1.352655
4.910369 1.478845
0.712094 0.877598
2.734400 1.473785
5.761147 5.575277
23.145282 2.124171
1.773551 4.704443
0.920136 1.244636
2.044057 1.253578
1.804651 1.121246
0.473728 0.870474
1.602606 1.080401
0.256309 0.993373
1.219356 1.166891
1.900946 1.555929
0.980043 1.058617
1.191700 1.070192
4.242364 1.524303
1.934929 1.675643
4.274617 1.506312
1.535684 0.952000
10.206326 1.223311
1.716767 1.785393
2.967197 1.040646
0.555921 1.570497
0.876740 0.866744
1.460399 0.920283
2.540514 2.369751
1.168699 1.017386
0.786934 0.973348
4.841460 1.371552
1.729745 1.504808
0.274465 0.965296
4.080160 3.749967
2.233699 1.205280
2.260840 2.139252
3.150058 0.770169
0.554371 1.169714
4.293462 1.203827
2.610384 2.166546
3.046533 2.734503
1.437769 1.231150
0.934724 1.745234
2.705714 1.299318
1.059757 0.854254
1.188458 1.139525
1.392597 1.034866
1.204141 4.066801
0.412251 1.268486
0.647268 1.013481
3.733010 0.974692
1.114973 1.184695
3.160625 1.275916
0.636450 1.012108
7.625789 0.634766
2.651751 1.554709
4.445867 0.825737
0.759580 0.957377
0.514808 0.954712
6.825800 0.935844
0.686906 0.974304
1.365553 0.891505
4.856180 0.671089
3.377906 0.735218
6.199111 0.555336
9.365141 0.731803
1.373935 1.256821
1.178929 1.146796
1.109268 1.005462
2.093832 1.729582
3.482439 0.863823
0.123688 1.148682
0.100476 1.273725
1.337899 0.985346
1.607304 0.870044
0.927382 1.034510
1.788216 0.950062
2.703207 1.567813
0.965998 1.145942
0.588875 1.012926
2.062793 0.908422
6.021248 1.015574
1.255194 1.186925
2.104910 1.217116
1.830213 1.614197
1.928278 1.213532
1.437687 1.462711
2.210733 1.334322
1.155378 1.158452
13.157685 3.366394
2.479628 0.879168
1.064153 1.018893
0.623439 1.015768
1.332678 1.069969
5.661265 1.108290
2.776742 1.006738
0.595751 1.346062
1.774329 0.915825
2.513382 1.245230
0.980674 0.832444
1.181897 1.123339
1.158448 0.993219
1.621102 1.493999
1.337775 1.092985
0.225441 1.344299
9.696441 2.254294
1.705570 1.193791
0.695970 0.949599
0.460863 0.977437
3.723699 0.746047
1.429400 0.868148
1.708759 1.234037
5.683263 1.193648
3.690393 1.255234
3.283508 1.182032
0.734976 1.511342
1.072093 1.007169
1.035126 1.233154
2.528123 0.947477
4.521749 1.297430
2.704263 0.717853
1.215236 0.962967
0.120450 1.133417
2.316436 0.818162
0.574220 0.820411
0.766204 1.140060
2.320632 1.118682
0.407439 1.220889
0.453276 0.974438
13.918561 1.082139
0.861502 2.143478
0.404655 0.948858
3.400244 1.272468
1.121123 1.079045
1.911363 2.688070
1.345225 1.492911
0.392718 0.984479
1.275795 1.129607
0.593925 1.503046
0.793803 1.071420
1.378072 1.005686
0.979028 0.898081
6.040353 0.807722
0.664788 1.014501
3.269607 1.928363
0.777789 1.567449
1.240706 0.953577
0.453966 1.090724
5.081506 0.935091
2.953594 1.876942
0.766744 0.994604
0.453844 1.086924
1.030087 0.994416
1.053516 0.831194
1.920406 1.130207
3.334040 0.784781
0.581118 0.957030
0.927708 1.457673
0.993897 1.259502
5.229332 0.754196
4.488667 1.753721
0.720857 0.881539
10.014308 1.319598
2.893683 0.834770
2.462731 1.028150
0.786066 1.274455
9.142010 0.820165
0.631298 0.947554
4.116240 1.154228
8.199940 0.453092
0.889888 1.266015
1.921329 1.485669
1.397122 1.039698
1.863679 1.035980
2.743141 0.983300
1.491842 1.088222
5.727695 1.584166
0.635836 1.326040
1.160935 0.900829
2.029612 1.211018
0.814752 0.923883
0.106704 1.015379
1.339708 1.055878
1.412543 1.092900
1.243674 0.845397
3.037973 1.329929
0.524423 1.140582
1.128003 1.582438
1.005523 1.020964
1.404906 1.961785
5.108130 0.792509
0.194010 0.884156
0.662227 0.971560
5.059540 2.195922
16.356880 0.739769
0.617818 1.169899
0.861922 1.202429
1.780509 1.742803
0.924111 1.149626
1.333175 0.876102
0.380722 0.899078
0.500822 1.135307
2.361532 0.792501
0.481969 1.024344
3.082264 1.323734
3.929243 1.315624
1.317158 0.968303
0.423492 0.946416
1.086478 1.069436
0.310637 1.639823
0.944764 0.966782
0.257552 1.059695
0.876155 1.078617
1.718764 2.453164
0.892869 1.294581
4.568077 1.528163
0.186137 0.944598
5.162616 0.593848
0.664511 1.895155
1.289865 1.001551
4.602548 1.332553
0.821970 1.060882
0.580057 0.906185
1.542035 2.411926
3.236057 1.486929
1.115848 0.977079
2.911234 1.046191
1.223115 0.999424
0.452210 1.325426
3.009627 1.263685
1.692012 0.810079
0.972322 1.491747
7.263971 1.234892
2.568297 1.537357
0.549975 1.202008
0.651583 1.235835
0.717599 2.889709
1.218139 1.405178
4.341088 1.179407
9.204748 1.044583
4.648355 1.141230
6.158648 1.910240
1.888877 0.799717
42.495531 1.067043
1.174583 1.168404
0.466372 1.085253
4.088792 4.064645
1.460175 1.115151
2.200499 1.971116
0.522714 0.854665
3.721561 0.830832
3.043184 0.845973
1.928508 0.919259
8.453538 1.135408
46.911284 0.787042
2.503129 1.052098
0.891120 0.909274
3.429275 1.218912
1.016828 8.636994
3.686794 0.963574
3.578066 1.408392
1.531169 1.331455
1.166064 0.861987
1.175731 1.017821
8.678030 0.904045
2.262780 1.328620
1.348675 1.047534
2.279491 0.907763
1.299717 1.078913
6.638460 1.327093
0.616840 1.377223
3.328873 0.945657
7.539798 1.170451
2.117365 1.001302
1.482008 1.539913
0.800888 1.583511
1.874358 1.689246
4.509014 0.881756
7.134817 0.569961
4.416373 1.144110
0.546334 1.071290
3.094451 1.515785
3.598471 0.743275
0.898853 0.986900
1.365570 0.948000
1.261565 1.295542
1.383053 1.443116
2.041889 1.170371
2.139693 2.324062
6.950876 4.011648
6.299683 2.111529
1.344693 0.930789
2.569879 0.815911
1.967059 0.972088
3.987578 1.150768
3.640200 0.661911
6.905162 0.605462
1.549191 0.893024
6.822659 1.545329
1.409669 0.943471
6.250064 0.566485
2.701722 0.737579
1.192018 1.039333
0.139111 1.110270
0.866012 1.007636
1.133538 1.318894
3.657732 0.793915
1.834077 1.034252
5.059805 1.099779
11.119277 0.645672
1.526241 1.327710
5.079038 1.563172
2.108850 1.305995
0.255709 1.263654
1.419693 1.298027
1.416560 0.886218
0.359737 0.902767
0.798330 0.963788
1.637904 1.121689
8.093644 0.835176
3.720229 1.052959
0.165929 1.001561
0.588139 1.153362
4.345039 1.028618
2.861626 1.090570
5.315688 1.010811
1.437952 1.527989
0.349843 0.939578
2.236876 1.958660
1.268092 1.241644
0.122868 1.035203
0.340771 1.737253
0.917757 1.060898
5.211548 1.748674
3.371478 0.639178
1.279892 1.129076
1.866914 0.868549
2.586745 0.738960
0.490039 1.036529
3.147067 1.311753
3.105895 1.164917
0.834119 1.238188
0.725527 1.035594
2.555136 1.201993
1.120631 0.938088
2.261092 2.613072
18.282045 1.558049
3.750955 0.780929
0.425289 1.145724
3.090608 0.821972
5.360978 4.522130
0.774889 1.167609
1.772313 1.835354
4.547622 0.739720
1.304177 1.089985
0.381113 1.062211
1.728256 0.833825
10.554089 1.898108
2.009435 1.518883
3.655683 1.117685
4.348367 3.179013
3.169264 1.568450
1.270989 1.109329
1.996466 0.976235
0.715516 0.884580
7.248059 0.458926
0.982602 1.073046
2.096922 0.856899
1.648669 1.078774
0.466577 1.133833
0.709763 1.043393
2.787739 0.936334
2.808871 0.907539
0.863157 1.153992
3.333160 0.897539
4.084966 1.381419
0.396222 1.160991
0.820697 0.903928
3.026131 1.395567
0.795029 1.056377
0.805321 1.763990
2.075782 1.155735
1.013858 1.118088
1.848749 1.246504
5.577077 1.951238
1.781789 1.350152
2.626519 0.867273
1.836795 1.064688
13.334182 0.655995
9.045607 1.305724
3.186414 1.425946
0.851002 1.675997
0.433719 1.025361
0.394185 0.932972
0.807763 1.121724
3.477191 1.901704
1.170462 0.895109
0.602359 1.085873
1.036567 1.079705
3.917980 1.281867
1.230437 1.421680
1.526619 1.071965
1.544564 1.101782
1.163119 1.175806
2.874415 0.938476
5.369687 1.079021
1.629212 1.322785
7.092881 1.121921
3.554349 2.288626
1.540404 1.446279
1.367949 1.088051
0.813862 0.920561
1.111157 0.871887
1.462893 0.968383
2.249525 1.918213
0.877400 0.895075
1.027584 2.191993
4.114836 0.635952
2.131473 1.135149
0.795974 1.100915
1.867733 0.909196
3.412316 1.071902
1.142974 1.220466
0.522018 1.033526
1.149799 0.835649
0.830221 1.488164
19.061155 1.208647
0.747141 1.025900
0.730997 0.843361
0.602984 1.110466
1.024085 2.157526
4.471403 0.757256
3.419453 0.994615
2.400085 1.235013
0.638462 0.957018
5.158370 0.976288
2.176326 1.354301
3.185823 1.233022
1.437497 0.917424
1.064320 1.052589
4.222421 1.085525
1.380322 0.997707
2.240962 1.972758
3.423830 0.864538
4.669768 0.709192
2.313497 0.870381
1.574518 1.143745
2.170482 1.427718
0.934146 1.070114
8.307748 1.255397
0.499777 1.373239
0.458380 1.270919
2.410395 2.248183
1.637602 0.882995
0.763599 1.273383
3.977498 0.799608
1.029025 1.237068
0.381548 1.063951
7.958744 0.724190
0.403438 1.242189
1.135042 1.266670
1.383285 0.893947
4.569264 0.971181
2.381168 0.972697
0.474235 1.249735
1.820545 0.951381
1.119040 1.348348
3.168426 1.340789
0.860931 1.044927
1.867524 1.014985
2.683540 1.249853
0.917933 1.098921
1.023935 0.934532
1.061659 1.985476
2.124295 1.865278
2.423800 1.499802
9.906551 1.808616
1.551292 2.445041
3.218702 1.236173
1.585309 1.158682
2.240032 1.109138
1.298852 1.057899
1.973424 1.277630
2.296398 1.005226
4.271972 0.987556
4.837660 0.566374
2.464817 1.998840
24.836773 2.596391
5.526651 1.941767
1.659331 1.759911
3.428160 0.983094
1.004843 1.274885
0.702208 1.497678
1.207818 1.958116
1.655469 1.147581
1.501080 1.593340
0.801127 1.129442
24.632680 0.853548
1.089011 0.994083
3.450285 0.947174
1.271203 1.730805
0.950269 2.524967
2.496269 1.228918
1.719916 1.315302
7.355530 0.693230
4.442190 1.029404
1.190323 1.097387
0.607134 1.657522
2.517396 1.309155
3.590276 0.995427
1.962760 1.319495
0.585602 0.886456
2.875847 0.801534
1.610894 1.751198
1.896100 1.450690
0.807533 1.023618
5.601519 0.627380
2.047055 0.868421
1.677189 1.302344
1.199323 1.139968
0.864782 1.004573
0.948465 1.280140
1.658485 1.310336
4.328706 0.991637
9.484046 2.482444
3.161524 1.455546
0.578559 1.164042
8.394148 2.081467
8.543161 1.904701
1.073582 1.431867
0.485800 1.087977
2.693068 1.002767
1.660967 0.800306
0.970138 0.909949
1.903155 0.816110
1.434374 0.895548
4.491919 0.919549
0.872948 0.976555
0.669687 1.043713
2.273535 1.297653
0.462791 0.893269
1.070325 0.898487
3.553790 1.437715
0.633363 1.200457
0.226257 1.281880
1.772576 1.129119
0.998829 1.047821
2.197026 0.886211
0.995553 0.994722
4.127226 0.803619
1.609412 1.625757
0.517898 1.374576
0.995049 1.036574
4.788791 0.748119
0.215900 1.034679
2.336265 1.253338
2.378708 3.584046
1.370679 0.890867
2.367003 0.913207
0.411028 0.924757
2.886377 0.911026
14.645223 1.291536
5.759755 1.584518
6.173471 0.907582
3.531388 0.959301
2.430779 1.217100
2.244303 1.145961
1.566954 0.903865
5.251718 3.165920
0.505621 1.386106
3.999581 1.680869
0.329607 1.183157
1.064222 1.300644
1.913542 1.586125
0.481257 1.481580
0.353644 0.925991
0.813977 1.212846
4.181408 1.354470
1.660293 0.829167
3.027601 1.625940
3.176298 0.722533
4.591261 0.714542
8.024823 0.696089
1.565814 0.963098
3.724826 1.847456
0.388197 1.347722
4.827697 1.794329
9.271041 1.268294
3.040749 1.382127
7.911184 1.147829
8.240641 1.031174
5.839718 1.794796
1.438937 1.285504
3.506319 0.775428
0.648297 1.569153
0.898432 1.114902
1.010113 0.998830
1.944679 1.081404
1.486110 1.306505
10.109024 1.481221
0.391786 1.071781
1.473714 1.406483
0.065673 1.008318
0.902962 0.983511
1.715099 2.591865
2.753207 1.398944
3.442528 2.951404
2.807537 0.772079
2.295294 1.120367
0.571478 1.433606
1.470323 0.930372
11.675362 1.285868
2.681669 1.665434
1.676137 1.003802
9.832656 0.748764
1.965751 0.949785
0.536689 1.166746
4.976558 1.147436
1.223029 1.173923
1.581572 1.151506
2.737945 1.072948
0.320652 0.913058
1.994600 2.138412
9.380400 0.745939
0.772554 0.891453
4.074779 1.230800
2.961271 1.546432
0.932881 0.918146
2.683334 2.368497
1.612304 1.569108
7.772120 4.619709
2.176897 0.959221
0.677501 1.003969
1.712416 1.082849
2.294389 1.004327
7.122423 1.164416
1.577932 0.978941
4.364823 1.012529
1.120393 0.800885
1.088938 1.390524
1.176585 1.243167
1.215416 1.100242
0.518227 1.360364
2.667958 1.182234
2.049791 1.670833
9.604991 1.217261
1.040920 1.138276
4.109050 0.824642
0.841946 1.077615
3.369978 1.317636
9.149684 1.564405
9.924103 0.769032
4.820273 0.625274
1.675104 1.703378
7.445068 1.277613
4.163959 7.166054
0.622393 1.081945
1.812987 0.998695
2.482594 1.022726
0.583154 1.067398
10.077565 1.182665
1.072872 0.884607
0.785956 0.932973
3.580782 0.812897
1.094404 1.072415
4.224552 1.270648
2.153532 2.942149
0.538409 1.058687
1.215318 0.851105
0.678202 1.012857
0.994627 1.692508
1.606758 1.319106
10.927259 0.569326
0.827588 1.266351
1.600816 1.897207
1.023712 1.067153
10.234289 0.616858
0.485962 1.274164
2.092895 0.900991
2.864611 1.058191
1.111231 1.172887
5.325682 0.671365
0.375776 0.999078
1.017833 0.981815
1.662039 1.132129
6.782543 1.244725
0.729194 1.169211
1.828848 1.046633
0.860751 0.919368
1.476384 0.877797
0.290739 1.304624
3.311181 1.015109
2.220991 1.061373
0.945729 1.203547
0.979357 0.958090
2.808891 0.823047
0.510302 1.062024
0.240452 0.923220
1.217077 0.951288
0.433087 1.075379
2.430262 0.829829
6.039462 0.709093
1.487817 0.964998
11.606619 0.953634
1.321280 1.317089
2.675804 1.986724
0.891877 1.130913
3.182202 1.460134
1.510775 0.816616
1.403745 0.923681
4.106797 1.093791
0.984378 1.810122
3.809542 2.311136
0.799743 1.114134
2.144699 2.059052
1.286628 0.827726
25.482790 0.616707
0.831294 1.021181
1.490687 1.287585
2.082924 0.861359
14.966909 0.734482
2.335507 0.849638
11.021072 0.640668
0.668485 1.071799
5.915470 0.833427
3.076357 0.809121
1.756654 0.934940
1.164309 1.599525
0.693133 0.964028
3.670303 0.644377
0.799504 0.982578
5.996970 0.655006
1.312308 1.167980
1.075343 1.048444
2.089716 2.071784
1.310446 1.157790
7.945410 0.676835
4.252922 1.649178
4.667334 3.505109
0.942858 1.665098
0.384355 1.006673
3.139604 0.718649
2.574481 0.948510
0.935813 1.291943
1.054338 0.951312
1.769150 0.945910
0.652836 1.298618
8.873670 0.484871
2.288194 1.105887
1.267977 1.127689
2.104132 0.788784
7.233180 0.731369
3.478438 1.169183
0.524094 0.915273
0.859810 1.149317
4.148331 1.364257
1.166186 0.889767
1.181110 0.901680
1.631705 1.024165
1.088765 1.053686
2.441276 1.309087
0.541644 0.985635
1.977101 1.245993
1.791029 2.022980
1.975822 1.362397
3.179760 1.039978
0.629824 1.037725
1.983915 2.094803
2.926515 1.506504
0.753458 0.899508
1.463607 1.457090
2.254837 1.243333
5.655355 0.715441
3.551190 0.805893
0.705349 1.017969
1.346736 0.903287
0.429512 1.413457
6.451174 0.823828
0.376998 1.432495
1.885145 1.056258
2.350924 1.690036
5.520472 1.640091
1.337151 0.860988
2.657441 0.787204
0.601519 0.832411
1.870031 1.774051
1.260437 1.271258
5.198997 1.136296
0.579312 1.097264
3.073959 1.053328
4.303906 1.130035
2.760559 1.463468
4.313322 2.328972
1.528631 1.702054
5.861636 1.715509
1.615138 1.025451
9.216894 0.965937
0.668125 1.128962
3.144925 0.889791
3.617804 0.896127
2.528093 0.698676
1.765304 1.147354
0.288622 1.069876
12.613222 0.817447
1.198109 1.046879
0.544393 1.245447
1.157273 0.930365
1.125724 1.277873
1.224311 1.023677
7.127219 0.720845
21.770363 2.212505
1.861103 1.167043
1.980717 0.927071
8.517390 4.174941
2.206465 3.411923
4.658997 1.573080
1.280750 2.227052
7.644424 2.137994
1.207957 1.567318
1.509863 1.225809
4.002083 0.661246
2.412015 1.050448
1.466144 1.418461
2.170478 1.932562
0.570605 0.952159
1.455300 0.949030
1.112220 1.145027
1.355566 1.408338
1.302585 1.932581
0.552917 1.123930
3.815609 1.857303
1.816122 1.332809
12.549512 0.670905
0.377721 0.851623
2.061970 0.832342
1.312327 1.364881
8.997874 0.529645
1.459116 1.060473
11.023234 2.068371
2.711756 1.046540
6.716670 1.478685
1.348475 0.948730
1.000902 1.120602
0.313527 1.005852
4.726557 0.683827
0.270136 1.032614
0.710770 1.070099
1.448395 0.994761
4.180578 1.137844
2.416080 1.126498
9.755800 1.369447
1.160573 1.174333
0.920567 1.288856
3.397214 2.256041
3.205154 1.058082
5.302184 1.579583
1.075956 1.023803
20.248631 0.978855
4.863625 0.638670
12.857051 0.745221
2.243078 0.872494
0.684743 1.031146
3.852280 1.454169
3.544285 1.154166
2.260586 1.297151
2.740834 1.143495
1.087162 0.949288
2.041602 1.170102
0.585602 0.923760
1.125692 0.933133
0.891672 0.964296
8.962769 3.945024
1.478845 1.583381
0.620701 0.906456
4.705812 1.761198
5.450806 0.642069
2.794969 0.717804
0.455183 1.469895
0.880276 0.942148
0.689886 1.232889
8.344116 2.706512
1.443226 1.052299
1.064162 2.426582
2.690245 1.306152
1.276398 1.238833
0.205403 1.033330
2.317995 1.417188
2.000368 1.170669
0.400670 1.263317
1.707138 0.943199
4.275719 1.273985
0.918344 1.609385
2.663802 1.016511
0.586144 1.495781
1.350378 1.545687
0.793266 1.203778
1.979192 0.719677
1.026925 1.544822
0.977495 1.401784
3.629660 2.883037
2.787275 1.534970
3.587155 4.952421
4.271699 2.011913
0.631468 1.360241
2.456366 1.443936
0.495495 1.090694
1.858066 1.101293
2.595247 1.075327
2.898106 3.162875
1.090061 1.204122
2.806466 0.987598
1.447254 1.540093
0.474909 1.496548
1.525936 0.941197
3.506313 1.597012
2.052716 1.685665
5.258190 2.587331
0.559765 1.043956
1.742507 1.235040
2.141654 1.343507
3.860328 1.660987
2.984181 2.020138
3.420550 0.752042
1.859757 1.688750
16.876200 5.925049
2.163456 0.844765
0.779347 1.069948
1.881554 1.213646
1.885100 0.870431
3.091001 0.875900
4.114115 0.800369
3.822178 1.016574
0.453310 0.929094
0.976463 0.963767
1.302287 1.154152
4.702535 0.889453
3.586052 0.868508
1.458689 1.006191
4.890068 0.921498
1.083467 1.246911
2.759209 0.819600
5.696082 0.937213
1.393074 1.796858
1.337765 1.094288
3.145867 1.127906
3.118789 0.981993
1.839123 1.337925
1.603684 1.509749
5.202365 1.015715
2.402514 1.216243
0.966318 1.297632
1.130222 1.016481
11.064817 1.384709
1.093807 1.041840
2.285485 0.902613
0.724904 1.136311
0.359623 1.282107
0.517869 0.943025
2.691731 1.309303
1.040059 1.071017
7.680165 0.690279
2.125853 5.119000
2.499751 2.903905
1.375397 1.320418
1.408634 1.415205
4.760855 1.649105
12.545616 0.685506
0.758563 1.642867
10.333123 1.714847
1.294519 0.912735
0.460820 1.213006
0.779194 0.996502
7.652798 0.857411
0.728365 1.276755
1.099463 1.115418
0.687994 0.994744
1.034218 1.044185
0.976261 1.126905
1.697105 1.089746
0.831543 0.947834
2.321116 2.081169
3.511446 1.369268
1.693052 1.330688
0.798014 2.465326
1.407456 0.988285
14.585013 0.532329
0.957861 1.162193
0.160589 1.107498
3.951116 0.960243
2.035343 1.581013
6.770793 2.801118
0.748048 1.146344
1.339123 1.025011
0.594749 1.249134
2.154479 1.158610
1.350098 0.917900
0.380045 1.069142
0.643177 0.889579
4.385929 0.981835
0.654957 0.934186
2.862373 1.311832
2.316176 0.844070
0.405440 1.069471
1.184389 0.868525
1.045991 0.877233
3.796005 1.139264
1.811217 1.026237
1.035413 1.072600
1.320524 1.076703
6.386429 2.290040
0.555002 1.108554
0.939696 1.163106
2.530705 0.946808
1.988543 1.046908
0.592972 1.449927
0.657354 0.984940
1.251758 1.143148
0.711403 1.002952
4.900114 1.784311
2.462936 0.718827
2.286405 1.013975
29.226005 0.756256
2.456010 1.408202
0.826120 1.006899
3.830372 2.186985
5.988857 0.808248
0.439279 1.144107
0.653990 1.075141
10.666091 0.481355
0.391272 1.033342
1.886187 1.510577
1.467933 0.900856
1.254984 0.798933
1.787556 0.926961
1.740698 0.898891
2.821309 0.941608
6.656388 0.979884
5.761898 0.871294
0.553312 0.944752
0.547776 1.851959
2.401364 1.637901
0.593427 0.960703
5.179585 1.253355
0.885958 1.110581
0.825720 1.431579
0.597556 0.937293
3.660837 1.553098
1.111580 2.635270
8.058488 5.481052
1.133386 1.019579
1.130438 1.202177
1.222273 1.086198
1.030453 1.498420
3.822059 0.726856
0.256960 1.087885
1.738033 1.074077
3.886771 0.832324
0.929133 1.008694
6.798166 0.763706
3.801608 2.312918
0.787713 1.037118
0.533572 1.106261
1.580729 1.683664
4.312537 0.938828
1.398490 1.045284
2.482508 0.715600
3.381261 2.829750
1.279499 0.983219
1.017791 1.128787
2.977901 0.728224
1.767598 0.938014
4.316681 0.843920
0.681038 1.160269
7.019811 0.613630
1.088023 1.079406
1.811973 0.878153
2.202566 1.089042
4.006142 1.649135
2.639410 0.792268
1.978611 0.812164
1.309172 1.451292
0.512088 1.230091
8.152709 0.460754
7.311080 5.316569
0.777788 1.100004
1.188893 1.321688
0.375760 1.021331
5.931078 1.125811
0.900296 1.025676
0.659353 1.246611
1.441115 1.328534
1.158624 1.086134
1.199015 0.905962
0.374620 1.194677
8.781408 1.272316
1.427158 1.045551
0.856004 1.712297
1.580550 0.914564
3.054974 4.514777
3.989837 0.872559
2.414728 1.627337
1.895054 1.497316
2.381395 2.270976
2.477953 1.175915
1.524933 1.037616
0.794539 1.404012
1.353767 0.996484
0.772880 1.375641
4.931022 3.997946
0.693201 1.104801
5.155461 3.138504
0.530414 1.067514
1.041484 1.572775
4.985884 0.823414
0.787455 1.373293
1.774955 0.847033
2.362264 1.120296
19.642088 0.769191
7.918044 0.711619
1.093836 0.921313
3.451509 1.041663
0.607264 1.063666
3.435001 0.694308
2.138069 0.886624
0.504306 1.341531
1.193921 0.830137
7.114212 1.173556
2.434988 0.758070
3.056629 0.951824
1.442647 0.746922
0.516488 1.096375
1.173063 0.987754
7.012027 1.244793
1.081845 0.939785
2.325649 0.892471
3.002657 0.980526
0.216489 1.242091
3.153164 1.439322
0.904338 0.937339
3.601696 0.968544
0.839539 1.044531
1.082974 2.971424
1.429716 1.656564
3.735156 1.056779
0.468681 2.534411
1.689713 1.209448
1.103404 0.945661
2.287264 0.897905
1.969874 0.989896
0.884563 1.056411
0.852020 1.223737
4.050680 0.716687
1.302876 1.324834
3.769677 1.407786
8.128335 1.015346
4.311288 1.135657
1.258531 1.112559
2.400511 1.152033
6.525010 1.008631
0.284056 1.047117
0.630146 1.037836
1.112857 1.083539
0.826139 0.974325
1.362369 1.213160
2.314384 1.700992
21.084688 0.425615
1.558804 0.865270
0.683965 1.055676
1.170573 1.464687
13.244318 1.488110
2.657878 0.855738
0.641878 1.171968
0.413882 0.958411
0.637948 1.118758
1.824067 0.983865
5.925622 1.465680
3.268519 0.866440
2.220690 1.405508
2.745309 0.907653
2.067560 0.988441
1.991381 1.194746
4.035751 1.787961
1.602815 1.267440
0.942282 0.886336
1.100838 0.960984
3.418469 0.904987
7.634807 1.361182
15.612805 0.634112
8.758590 1.828940
2.414393 1.846461
1.735298 1.051301
2.491153 1.113440
0.500244 1.058106
2.657527 1.390949
6.762624 0.621149
0.557265 0.909254
5.874892 3.260489
1.076435 1.034743
1.369820 1.022128
2.464614 0.885618
0.306065 1.011380
2.930846 0.905443
1.550980 1.565722
2.841700 0.905283
2.311731 1.336449
1.432715 1.077924
3.132771 0.931495
9.282074 0.607668
0.916942 1.403602
2.540195 1.997985
3.990261 1.676129
1.717135 1.845326
0.401174 1.053781
2.380528 1.220728
1.581437 3.407130
5.680952 0.684812
0.820633 0.860262
7.717546 1.509530
1.873740 1.056303
0.979456 1.006821
2.128448 1.270272
1.242107 1.162874
0.332785 1.220220
0.201347 1.422706
2.512208 1.506960
0.136970 2.454146
2.087717 1.198598
1.094450 1.371616
1.393076 0.986555
1.921993 1.590979
0.393873 1.731743
0.262689 0.941388
0.951895 1.820015
1.892840 1.227422
0.448249 0.895508
3.433583 1.110218
1.798864 1.165425
0.502406 0.986672
2.314136 0.838001
1.858521 0.887418
0.329384 1.072817
2.836847 0.855267
1.373147 0.828339
0.703653 0.900896
1.703947 1.042840
7.943471 1.248814
0.684891 1.096856
4.567922 1.240424
2.391125 1.449921
1.465741 1.860059
2.262649 1.027112
1.334591 1.450828
0.734664 0.812814
0.973256 0.892569
0.488015 1.146217
1.069121 1.030893
6.878663 0.779882
1.849229 0.966262
2.635893 0.967982
1.697600 1.012456
2.942732 1.061526
2.749679 0.695762
3.232997 2.892627
2.065136 0.930418
1.066148 1.061486
10.291781 6.853329
1.173879 0.915113
0.828625 1.331876
3.361903 0.891727
1.275544 1.060025
5.106068 1.711109
0.473381 0.933962
5.327382 4.712935
2.344167 1.039494
0.617673 0.964150
9.927311 0.930137
0.424522 1.193800
0.703180 1.306293
2.786797 1.083855
0.437144 1.324749
1.960525 1.298605
4.464295 0.845781
1.805843 0.930427
3.852357 1.712103
0.787756 1.355348
1.342518 3.461353
1.240116 1.590930
3.383029 0.747547
3.090542 1.702571
3.973186 0.767994
5.038747 0.960491
2.969378 1.350557
1.669247 0.869661
2.134287 1.038080
1.622521 2.108824
3.743191 1.494738
0.808051 1.822179
0.513933 0.956665
15.751310 1.111605
0.956043 1.020030
4.957849 0.820391
1.174032 1.172421
7.208421 0.982658
2.498744 1.477288
15.525729 6.599806
0.475306 0.939729
0.625361 1.145743
0.253787 0.971865
1.388048 1.106143
0.509360 1.156122
1.339665 1.198519
1.562603 1.329044
1.050877 1.284576
2.710701 1.603236
6.950152 1.782501
1.332541 0.806003
1.329645 0.990038
1.763688 1.085841
0.697444 3.980272
1.663998 1.421973
1.033709 1.152614
2.312383 0.932414
3.728224 1.493078
11.829378 2.536610
1.469142 1.454193
2.414394 1.048559
0.917516 1.106060
2.239497 1.384721
1.017180 1.087923
0.658658 1.191271
0.756591 0.968581
2.338258 1.360387
9.875849 4.094728
1.536522 1.306439
3.754269 2.390616
1.995859 0.836774
0.741410 1.526750
29.560807 0.896490
0.707562 1.467064
12.862253 0.909743
0.777382 0.979036
3.235513 1.609162
1.672088 1.134927
3.640129 1.014539
0.816902 1.081658
0.227495 0.949770
3.555489 0.809149
1.946669 1.048741
1.022393 1.262348
1.159501 2.558495
0.950893 1.031944
2.929388 0.901444
0.793782 1.855106
2.162353 0.813363
0.759219 0.913366
0.550953 1.032415
2.918199 1.255945
0.464094 1.575124
1.684460 0.996679
2.641090 0.846290
0.972926 1.023331
0.770010 1.673387
1.391513 0.854668
9.586821 9.997643
0.985647 0.981241
3.605812 1.088349
0.974439 0.922676
0.443664 1.245174
0.245598 1.274502
2.426183 1.237157
6.960783 1.386970
4.111050 0.953599
2.264911 0.802707
0.795558 1.497328
1.512620 0.838397
0.863354 1.420322
1.933939 1.016818
6.650282 1.025386
1.165972 1.324246
2.738450 0.869144
0.404867 0.923378
0.885925 0.978630
1.689004 1.652447
1.534183 1.083130
3.379699 0.790914
1.249959 1.330799
1.493421 1.722077
0.412536 1.177634
18.172067 1.230306
1.369057 1.481609
1.330686 1.674018
2.098756 1.352924
4.165976 1.400889
0.669036 0.956333
0.734888 0.955864
0.555977 0.948946
0.663808 2.042545
1.465754 1.183735
0.522969 0.939401
2.384693 1.344991
7.528902 1.011117
0.876974 0.941315
0.932177 0.881766
1.023625 0.930861
2.088188 1.275762
9.985285 3.990254
2.570168 0.910152
1.704175 1.028908
1.287711 1.015144
2.556571 0.821648
0.399005 1.167770
1.887444 1.300425
3.435139 0.914687
1.592384 1.014087
2.781590 0.940202
1.184317 1.138343
0.234736 0.990043
2.942142 1.169252
2.711143 0.816743
2.505161 2.172295
1.655961 0.955868
5.841100 0.743508
10.420219 0.541861
0.805898 0.906196
0.673782 1.249414
3.827018 1.394585
4.651912 0.731029
4.056577 1.539654
0.708899 0.890675
0.340695 1.054782
2.953291 1.205034
0.516688 1.023496
8.015843 1.168860
3.549577 1.155420
1.099962 1.049433
0.898661 0.956797
3.705070 5.038891
2.404257 1.006347
6.310663 2.167384
0.528120 1.533341
2.063176 1.540666
1.045058 1.006268
2.169834 1.369937
1.215122 0.971999
0.682686 1.140287
1.722767 1.080446
2.975931 0.868896
6.577914 0.732673
1.580470 1.214193
0.842831 1.488427
0.653742 1.134452
6.292471 0.743495
3.345337 1.142609
1.737706 1.437104
1.179319 1.169178
2.495484 2.800629
1.849634 1.024731
4.841193 1.093175
1.085252 1.075705
0.146304 0.901845
5.461395 0.814386
1.472932 1.502710
1.335374 0.957023
1.641546 0.899911
2.137673 1.001304
1.992792 0.734440
1.109863 1.213152
1.048600 1.129861
0.674249 1.015997
0.691728 1.091566
1.419185 1.137918
0.785969 1.095042
5.346484 1.535568
1.526145 0.914694
1.022508 0.847110
5.930229 1.402781
2.292403 2.238121
4.451516 1.080021
0.587249 0.925271
0.623972 1.297837
1.717470 4.168592
1.035387 0.942625
3.124462 2.339855
0.840134 1.143969
4.705767 0.943935
2.235854 0.861341
7.228319 3.405872
3.352393 0.692756
8.999542 2.423223
7.521228 0.885866
2.548774 1.291113
1.427925 2.054867
1.414765 1.205267
0.903671 1.372142
1.789572 1.360028
7.458236 1.511392
0.625338 0.878902
2.402785 1.624564
0.831585 1.551885
2.833592 0.765409
2.703551 2.295769
3.379940 0.792291
5.739944 1.016857
11.718462 1.042368
7.415066 3.823282
1.417360 1.462808
0.840013 1.164557
2.800823 1.645136
1.216903 1.053673
8.570909 1.394518
1.076941 7.615407
2.965837 1.993913
0.601543 1.201561
0.483526 1.229881
1.062408 1.247843
2.311734 1.458749
2.005755 1.371716
2.626951 1.819243
1.788337 1.004817
2.114738 0.843867
0.839386 0.900709
1.908713 0.869115
0.993615 0.995220
1.854458 1.039786
1.395724 1.660800
1.050920 0.890740
1.608681 1.741870
1.078315 1.025377
0.175407 0.935544
6.005433 1.318197
0.663604 0.972246
3.381616 3.209872
1.733919 1.506089
4.850232 1.462817
1.388075 1.181474
3.091034 0.960031
6.219809 2.264641
4.564230 1.965014
0.901863 2.548567
1.705954 0.930894
3.027728 1.337837
0.952371 1.022619
2.992387 1.233481
1.624322 1.301114
3.115865 0.660531
5.576606 0.875104
0.693955 0.951786
2.959698 1.040183
2.043761 1.217758
0.335110 0.962695
3.220994 0.875851
1.022216 1.087480
7.783442 1.436631
1.235202 2.621085
0.705598 1.420829
0.649246 0.974155
3.459952 0.734811
1.506093 0.903207
4.794924 5.278726
2.306907 1.264390
1.765924 1.056973
4.768592 0.752847
2.119804 2.483375
1.910958 1.453784
0.213973 0.907366
1.503694 1.040030
5.015217 0.902371
0.755344 1.346731
3.886566 1.191794
1.604395 0.940113
2.084954 1.014546
2.480860 11.864590
4.488922 1.488226
5.254751 3.817790
3.197508 1.336341
1.074138 0.979520
1.606240 1.023377
0.784731 0.833814
1.312721 1.203610
2.958281 1.080255
1.327339 1.126192
0.573885 1.035640
2.097697 1.463874
2.388362 1.871717
3.239247 1.399132
0.657745 1.146975
1.699111 1.128716
1.718525 1.592613
0.796203 1.602107
0.297898 1.243942
1.545284 1.191954
2.525871 0.939910
1.298643 0.953929
0.754721 1.053865
2.491770 0.886097
0.752708 0.995782
1.685041 1.262588
1.348827 1.271859
20.814994 0.424324
0.955695 0.935965
8.128693 0.749046
0.065681 0.858216
3.501825 0.976135
0.940549 0.952477
8.157700 1.232337
1.368842 1.521897
1.596690 1.054334
7.632252 0.956138
0.833532 1.322201
1.586361 1.565172
1.918591 0.988933
4.414087 1.590254
3.009219 3.112404
3.227075 0.888979
2.881680 1.111396
1.795779 1.128463
2.647606 1.627841
3.295991 1.626147
0.814647 0.945936
0.585138 1.924754
10.355959 0.617018
1.677563 1.010051
1.264389 1.334679
0.888998 1.501240
1.042660 1.306478
0.580083 0.912964
0.974546 0.998107
4.256427 0.720444
1.711841 1.537776
1.324085 1.215552
16.207743 1.029030
6.499763 1.326540
2.522901 3.916535
2.307298 0.748253
2.930962 1.992492
0.864798 1.039624
1.483227 1.006351
0.605312 1.300519
0.693485 1.025293
1.021545 1.320440
1.116741 0.948803
7.807558 1.359394
1.298669 1.165200
1.220623 1.384370
0.772837 0.898809
1.566623 0.971999
0.777300 1.367859
0.997071 0.983666
2.139129 0.954034
0.965905 1.002480
0.883028 1.255878
0.452297 1.033699
4.685758 1.024623
0.779705 1.024327
0.969564 0.987937
1.192346 1.044962
2.746080 1.046959
9.201096 0.974822
2.263769 0.913842
6.453666 1.777156
0.978553 1.449565
1.335224 1.102721
3.682602 2.000823
2.606052 0.783319
0.651075 1.661531
2.980325 1.668271
1.292002 1.120517
5.673065 4.402813
0.812662 0.903474
1.256668 0.890885
1.177496 0.985579
0.854851 1.024156
0.351565 1.017171
0.737117 1.113299
1.171847 1.526054
13.692370 1.371325
2.131894 1.020621
0.851430 0.920079
0.821092 1.009200
6.645419 5.795494
0.839297 1.058229
3.310771 1.002121
2.194905 1.747210
2.077528 3.657294
6.661478 1.271723
0.701080 1.248863
2.358338 1.516679
0.886794 1.229179
5.282589 1.432551
2.607826 1.134785
8.181340 0.687895
0.232906 1.110882
2.545505 1.382491
0.571587 1.097871
2.322753 0.967092
1.151490 1.561917
3.652350 0.877220
1.172334 1.023783
2.472587 1.393466
3.440451 1.177399
1.896214 1.688940
1.482310 1.075828
1.009498 1.147962
1.695524 0.951245
9.724961 1.539107
2.768994 0.853708
2.086472 0.979567
0.139107 0.920351
1.314425 1.034384
2.895469 0.923399
1.205201 1.004207
1.757955 0.781787
1.537232 1.279885
9.755566 1.717034
1.633492 0.913833
1.809344 0.857444
0.553067 0.849142
0.567285 0.937626
5.861771 0.860952
1.417589 0.939645
1.603350 1.128001
0.507821 1.168577
0.577021 0.956744
0.952134 0.890351
0.823864 1.137932
1.372795 1.954528
2.288342 1.720820
0.949033 1.499639
1.455616 0.793357
0.974829 1.114045
7.711625 0.816174
1.232969 0.879760
1.249728 1.036353
0.530082 0.971042
13.927838 0.806496
1.373960 1.535001
0.657242 0.962746
5.778838 1.292051
1.670905 1.471748
0.613597 0.883254
6.093542 1.580223
2.522705 1.156420
1.368889 1.318855
2.837471 2.148172
1.342225 1.176578
1.828215 0.909769
10.073378 0.463859
0.967599 0.949445
7.328003 0.618993
8.289887 0.694479
2.928229 3.108949
0.917420 0.982190
6.128147 1.614238
0.594486 0.839079
2.540764 0.848710
1.372970 0.950380
0.307300 1.132282
1.282359 0.898177
10.440636 3.720371
0.179286 0.968717
0.875725 0.970442
5.299573 2.311385
4.578240 0.972037
0.310184 1.006906
7.905765 1.111990
0.839935 1.607032
0.919605 2.856501
0.440319 0.961483
0.768046 1.051752
2.874449 0.922013
3.481903 1.386549
1.428847 0.946466
5.832186 2.419462
1.575918 8.161377
6.120140 0.750732
2.346950 0.926902
7.600844 1.145602
4.320646 0.697559
2.856727 0.914288
2.986200 0.988948
1.778361 1.459945
0.845716 0.885158
3.343709 1.496600
17.203058 0.894914
0.938882 1.227667
0.731390 1.035332
0.943526 0.816137
5.237889 1.326308
3.942879 1.317688
1.243702 1.030644
0.501052 0.856002
11.480936 2.011991
0.982637 0.919396
2.556514 1.732533
0.676462 0.975890
4.793704 0.634655
4.089290 0.953722
0.640695 1.016504
0.911142 0.973246
1.974376 1.603688
2.398689 1.108306
0.123490 0.880693
3.975616 1.176531
1.842501 0.851600
4.536211 1.261200
1.195809 1.042529
2.271950 0.878839
1.259423 1.221458
4.038196 1.376185
0.506584 1.108547
1.090698 1.296849
2.269539 0.805735
0.874498 0.921446
3.212081 1.031095
1.170966 1.061603
1.801545 0.841370
1.992349 1.045953
0.720983 1.051431
2.283368 0.947106
0.626033 1.251714
2.805920 0.861367
3.318166 1.816304
1.685991 0.989619
1.891039 1.445685
4.539750 1.471976
2.125944 2.067111
1.449120 1.177206
2.591939 0.742439
2.687581 1.007458
0.672403 0.997715
0.510621 1.067850
4.903663 1.823185
1.655302 1.048759
32.365552 3.446144
1.773314 1.623456
0.514570 1.059878
0.827719 1.353431
13.301765 0.861677
2.036596 0.648130
2.595761 1.249337
1.949003 1.675240
21.618318 1.900786
1.499249 1.212385
0.373343 1.255172
1.539628 1.075192
1.830358 0.744620
1.092113 1.478055
1.201600 0.824981
1.180699 1.083001
1.238202 1.339196
10.048934 2.694203
1.206796 1.169192
2.814393 1.044919
1.766756 2.093073
3.921653 1.025741
0.477599 1.229280
9.721464 0.460646
0.393113 1.269915
20.921032 1.533779
1.696855 0.895077
1.921063 1.012441
0.134153 1.337224
0.710923 1.313479
2.860651 1.424289
1.057013 0.992368
1.603501 1.266020
1.749486 1.220918
2.855687 1.048576
2.132946 1.581181
2.729655 1.358441
0.339632 1.237715
1.251202 0.875965
1.923793 1.277733
0.632491 3.077701
0.484016 1.071930
0.600427 1.019127
0.781330 1.368138
0.246838 0.927008
7.312529 1.245470
0.670590 0.867102
1.137120 1.987335
2.847856 1.203755
0.742485 0.966976
2.738060 0.889850
1.070385 3.224639
1.847908 1.757932
1.723037 0.862926
4.559837 0.825964
1.117908 1.311704
3.007754 0.959376
1.394875 1.459623
1.920677 1.689544
6.785231 0.538675
2.593181 1.330274
2.826207 1.188175
0.370493 1.222655
3.127252 1.171574
0.469647 1.002527
1.318902 1.021427
0.595893 1.070785
4.202521 2.228195
3.548913 1.754769
1.246509 1.040901
1.044879 1.349291
2.667789 1.085891
2.274399 1.057509
0.569004 1.054326
16.068886 1.862342
7.921969 1.561714
4.311533 1.422642
0.426213 0.978822
2.301713 1.408908
2.541176 1.143974
2.794659 0.920549
0.896357 1.095655
1.629077 1.030364
1.984236 0.834584
0.744968 0.920128
2.327957 1.013312
0.643390 0.928302
0.829366 0.947332
1.236120 1.116813
1.100300 1.890481
5.869712 4.723323
3.299489 1.833729
1.117091 1.052179
4.855488 1.409041
0.897624 1.067165
0.598730 1.114240
2.249360 0.883608
0.860244 1.053410
2.421470 1.275794
1.307042 1.228693
1.601631 0.836472
2.599951 1.455823
4.012534 1.070579
4.739204 0.726618
2.138073 1.671168
1.555209 1.041236
1.321552 1.624012
1.467304 1.280080
6.623496 1.263578
0.550770 0.867838
2.252587 1.234048
1.377094 1.126509
0.693240 1.532750
2.690251 2.272100
1.952208 0.801856
1.215358 0.884057
3.699260 1.219558
2.240832 1.281238
8.814032 0.704782
1.600788 0.967336
2.005410 0.823339
0.126274 0.978436
0.767465 0.962894
1.522636 1.680228
1.390804 1.781748
3.918608 0.810445
1.824328 1.293748
2.986190 0.681516
4.355767 0.680004
0.348772 1.085310
0.856304 0.997506
1.303931 1.166205
1.460852 3.245256
1.205657 1.281102
3.837173 1.629708
3.488989 1.740457
4.927536 1.716334
2.040922 1.907376
0.179750 0.920666
0.958952 1.414208
1.017816 1.226174
0.576829 1.061590
0.733224 1.166009
0.443516 1.681101
0.679264 0.967598
4.222712 1.637211
1.294147 1.534194
0.708986 0.901970
10.590677 2.898024
0.590548 1.067653
4.820736 4.317476
1.768499 1.095261
2.459123 1.201067
0.603238 1.180747
3.475321 0.919434
0.466412 1.327766
1.367667 0.927230
3.775421 0.733963
0.759214 1.125086
0.830003 1.115979
0.779690 0.985090
0.708090 1.360770
1.481043 1.810206
1.888568 1.104347
1.449616 1.572711
1.743150 0.882728
1.993670 0.871035
1.142963 1.080860
1.706845 0.828250
0.200116 1.219357
4.269505 1.173222
0.976702 1.142134
1.150955 1.178260
2.765542 1.343720
1.482970 1.063047
0.684979 1.270152
14.552782 0.810950
0.314167 1.056613
1.446804 0.969310
9.575274 2.050441
0.744055 1.653031
3.597773 1.151915
1.402958 1.154015
0.885706 1.000750
1.053178 1.032607
0.827984 1.029902
0.245543 1.119889
1.377049 1.344894
0.989894 1.178752
0.455109 1.072387
0.680482 1.390610
2.371375 0.852413
1.235514 1.069309
9.869151 1.584150
0.238386 0.922356
0.301859 1.078028
1.510721 0.818903
0.828595 0.899098
7.806461 1.411358
1.077067 0.974754
0.635904 1.002091
0.329087 1.192240
4.990138 1.076767
1.550018 1.330944
1.794822 0.963508
1.630657 1.312890
0.341781 1.112701
2.419642 1.008556
1.353917 0.951665
0.363212 0.941637
0.843480 0.985872
7.890187 0.681459
1.707801 1.289059
4.366318 0.805296
1.540435 2.871781
1.871439 1.046737
5.240122 0.724638
12.934432 0.519553
0.833127 1.476072
