600.000000 0.196860
601.000000 0.447421
602.000000 0.496279
603.000000 0.057939
604.000000 0.045720
605.000000 0.358176
606.000000 -0.515706
607.000000 0.474008
608.000000 0.285851
609.000000 0.093025
610.000000 -0.331782
611.000000 -0.159533
612.000000 0.066335
613.000000 0.335874
614.000000 0.111626
615.000000 -0.125912
616.000000 -0.220989
617.000000 -0.142315
618.000000 -0.046808
619.000000 -0.020439
620.000000 -0.021839
621.000000 -0.098876
622.000000 -0.073919
623.000000 0.128503
624.000000 0.014835
625.000000 0.263879
626.000000 -0.165394
627.000000 -0.040925
628.000000 0.061985
629.000000 0.096485
630.000000 0.042381
631.000000 -0.184935
632.000000 -0.012572
633.000000 0.060614
634.000000 0.043259
635.000000 0.122002
636.000000 -0.073171
637.000000 0.111833
638.000000 -0.021313
639.000000 -0.002745
640.000000 -0.046568
641.000000 0.082570
642.000000 0.095262
643.000000 -0.055797
644.000000 -0.086939
645.000000 0.067452
646.000000 0.047266
647.000000 0.046975
648.000000 0.072942
649.000000 0.066973
650.000000 0.013698
651.000000 0.095679
652.000000 0.017742
653.000000 0.010084
654.000000 0.008346
655.000000 0.039119
656.000000 0.049965
657.000000 0.055943
658.000000 -0.008366
659.000000 -0.053713
660.000000 0.095849
661.000000 0.037190
662.000000 0.128681
663.000000 0.006846
664.000000 0.085101
665.000000 0.020448
666.000000 -0.032853
667.000000 0.069961
668.000000 0.038428
669.000000 -0.074012
670.000000 0.097661
671.000000 0.071959
672.000000 0.021863
673.000000 0.024021
674.000000 0.010367
675.000000 -0.017058
676.000000 -0.037210
677.000000 -0.078266
678.000000 0.157386
679.000000 -0.043670
680.000000 0.134030
681.000000 0.050029
682.000000 0.037036
683.000000 0.059051
684.000000 0.098705
685.000000 0.063901
686.000000 0.019937
687.000000 0.002056
688.000000 0.007824
689.000000 0.062711
690.000000 0.050415
691.000000 0.075131
692.000000 0.038864
693.000000 0.009493
694.000000 0.028566
695.000000 0.011394
696.000000 0.029271
697.000000 0.015654
698.000000 0.033121
699.000000 0.020728
700.000000 0.005304
701.000000 0.022827
702.000000 0.020085
703.000000 0.033009
704.000000 0.004066
705.000000 -0.010924
706.000000 -0.013072
707.000000 0.051938
708.000000 0.036121
709.000000 -0.010806
710.000000 -0.017471
711.000000 0.054916
712.000000 -0.009154
713.000000 0.002782
714.000000 -0.005239
715.000000 0.070339
716.000000 0.016511
717.000000 0.050896
718.000000 0.013486
719.000000 -0.000239
720.000000 0.040268
721.000000 0.011809
722.000000 0.034990
723.000000 0.044559
724.000000 0.005072
725.000000 -0.008738
726.000000 -0.004226
727.000000 0.009357
728.000000 0.040447
729.000000 -0.031143
730.000000 -0.030586
731.000000 0.025314
732.000000 -0.011055
733.000000 -0.000684
734.000000 0.019105
735.000000 0.047079
736.000000 0.000886
737.000000 0.022350
738.000000 0.028103
739.000000 0.025246
740.000000 0.029052
741.000000 0.001290
742.000000 0.007292
743.000000 0.000461
744.000000 0.015454
745.000000 0.036566
746.000000 0.011285
747.000000 0.009221
748.000000 0.011665
749.000000 0.012773
750.000000 0.031983
751.000000 -0.007082
752.000000 0.041307
753.000000 0.016152
754.000000 0.046124
755.000000 0.033391
756.000000 0.012578
757.000000 0.011999
758.000000 0.007262
759.000000 0.007798
760.000000 0.033360
761.000000 0.021840
762.000000 0.016947
763.000000 0.019945
764.000000 0.031413
765.000000 0.026607
766.000000 0.033251
767.000000 0.025638
768.000000 0.012452
769.000000 0.036644
770.000000 0.022990
771.000000 0.036468
772.000000 -0.001921
773.000000 0.030420
774.000000 0.030369
775.000000 0.029638
776.000000 0.049357
777.000000 0.018260
778.000000 0.036590
779.000000 0.041407
780.000000 0.026003
781.000000 0.040397
782.000000 0.020119
783.000000 0.042732
784.000000 0.029533
785.000000 0.014973
786.000000 0.043192
787.000000 0.034220
788.000000 0.034751
789.000000 0.015235
790.000000 0.040782
791.000000 0.036963
792.000000 0.050480
793.000000 0.024094
794.000000 0.042134
795.000000 0.050539
796.000000 0.036167
797.000000 0.045798
798.000000 0.015855
799.000000 0.044133
800.000000 0.035358
801.000000 0.028425
802.000000 0.052221
803.000000 0.028859
804.000000 0.038872
805.000000 0.037351
806.000000 0.035849
807.000000 0.029987
808.000000 0.029553
809.000000 0.032478
810.000000 0.042440
811.000000 0.045900
812.000000 0.025306
813.000000 0.036439
814.000000 0.026212
815.000000 0.049691
816.000000 0.057708
817.000000 0.023858
818.000000 0.041220
819.000000 0.041828
820.000000 0.034601
821.000000 0.024945
822.000000 0.043958
823.000000 0.035995
824.000000 0.051280
825.000000 0.054109
826.000000 0.050686
827.000000 0.046556
828.000000 0.048504
829.000000 0.042265
830.000000 0.037275
831.000000 0.045983
832.000000 0.036433
833.000000 0.060206
834.000000 0.060618
835.000000 0.059405
836.000000 0.061663
837.000000 0.050212
838.000000 0.070855
839.000000 0.074152
840.000000 0.056413
841.000000 0.069822
842.000000 0.059632
843.000000 0.083165
844.000000 0.077146
845.000000 0.083656
846.000000 0.078948
847.000000 0.086136
848.000000 0.090591
849.000000 0.090543
850.000000 0.099404
851.000000 0.107953
852.000000 0.102878
853.000000 0.105689
854.000000 0.113524
855.000000 0.128067
856.000000 0.119829
857.000000 0.146077
858.000000 0.136492
859.000000 0.150507
860.000000 0.161367
861.000000 0.152293
862.000000 0.176338
863.000000 0.178186
864.000000 0.180167
865.000000 0.207885
866.000000 0.184555
867.000000 0.172888
868.000000 0.201953
869.000000 0.225672
870.000000 0.216188
871.000000 0.202145
872.000000 0.216383
873.000000 0.221461
874.000000 0.243271
875.000000 0.259964
876.000000 0.260923
877.000000 0.269389
878.000000 0.269894
879.000000 0.278446
880.000000 0.282308
881.000000 0.293428
882.000000 0.308024
883.000000 0.304660
884.000000 0.326912
885.000000 0.338426
886.000000 0.349435
887.000000 0.352036
888.000000 0.365890
889.000000 0.368441
890.000000 0.384992
891.000000 0.394710
892.000000 0.434322
893.000000 0.437445
894.000000 0.411971
895.000000 0.424117
896.000000 0.455768
897.000000 0.473561
898.000000 0.462344
899.000000 0.497839
900.000000 0.484482
901.000000 0.511352
902.000000 0.532722
903.000000 0.535636
904.000000 0.563135
905.000000 0.523908
906.000000 0.560881
907.000000 0.587920
908.000000 0.595142
909.000000 0.584351
910.000000 0.650279
911.000000 0.656197
912.000000 0.657122
913.000000 0.680786
914.000000 0.689304
915.000000 0.709918
916.000000 0.678032
917.000000 0.719445
918.000000 0.782542
919.000000 0.771046
920.000000 0.768661
921.000000 0.813542
922.000000 0.801692
923.000000 0.813699
924.000000 0.833795
925.000000 0.856576
926.000000 0.870220
927.000000 0.874105
928.000000 0.853817
929.000000 0.923448
930.000000 0.913198
931.000000 0.907545
932.000000 0.933468
933.000000 0.941413
934.000000 0.935619
935.000000 0.938444
936.000000 0.963483
937.000000 0.971178
938.000000 0.953394
939.000000 0.957504
940.000000 0.983366
941.000000 1.014051
942.000000 0.991690
943.000000 0.995981
944.000000 0.998762
945.000000 1.017970
946.000000 0.995900
947.000000 1.016026
948.000000 1.025331
949.000000 0.992968
950.000000 0.977942
951.000000 0.989683
952.000000 1.009939
953.000000 0.998501
954.000000 0.974130
955.000000 0.982602
956.000000 0.977921
957.000000 0.992932
958.000000 0.973422
959.000000 0.940153
960.000000 0.960737
961.000000 0.963188
962.000000 0.961752
963.000000 0.979728
964.000000 0.990219
965.000000 1.001001
966.000000 0.998624
967.000000 1.040322
968.000000 1.027725
969.000000 1.055266
970.000000 1.071687
971.000000 1.127022
972.000000 1.123046
973.000000 1.132136
974.000000 1.184254
975.000000 1.223316
976.000000 1.247438
977.000000 1.255760
978.000000 1.201270
979.000000 1.205746
980.000000 1.218921
981.000000 1.227147
982.000000 1.216788
983.000000 1.230013
984.000000 1.242396
985.000000 1.255539
986.000000 1.266830
987.000000 1.301673
988.000000 1.296741
989.000000 1.296276
990.000000 1.277654
991.000000 1.244180
992.000000 1.257624
993.000000 1.255830
994.000000 1.230118
995.000000 1.201046
996.000000 1.167740
997.000000 1.175048
998.000000 1.177425
999.000000 1.172474
1000.000000 1.181077
1001.000000 1.169011
1002.000000 1.160552
1003.000000 1.129197
1004.000000 1.165965
1005.000000 1.190702
1006.000000 1.181895
1007.000000 1.194185
1008.000000 1.206672
1009.000000 1.194232
1010.000000 1.217119
1011.000000 1.217691
1012.000000 1.212861
1013.000000 1.233288
1014.000000 1.256108
1015.000000 1.267757
1016.000000 1.293453
1017.000000 1.284071
1018.000000 1.324177
1019.000000 1.340390
1020.000000 1.404423
1021.000000 1.413921
1022.000000 1.402707
1023.000000 1.469256
1024.000000 1.567115
1025.000000 1.604069
1026.000000 1.675357
1027.000000 1.715175
1028.000000 1.764429
1029.000000 1.820511
1030.000000 1.877644
1031.000000 1.903846
1032.000000 1.914882
1033.000000 1.885801
1034.000000 1.886287
1035.000000 1.905130
1036.000000 1.913793
1037.000000 1.887815
1038.000000 1.782827
1039.000000 1.688334
1040.000000 1.627887
1041.000000 1.582334
1042.000000 1.520632
1043.000000 1.489932
1044.000000 1.471875
1045.000000 1.436280
1046.000000 1.409827
1047.000000 1.390470
1048.000000 1.373757
1049.000000 1.374023
1050.000000 1.337330
1051.000000 1.351556
1052.000000 1.345559
1053.000000 1.301494
1054.000000 1.314396
1055.000000 1.328522
1056.000000 1.321857
1057.000000 1.329200
1058.000000 1.335339
1059.000000 1.344961
1060.000000 1.365297
1061.000000 1.358858
1062.000000 1.346615
1063.000000 1.350425
1064.000000 1.360654
1065.000000 1.348977
1066.000000 1.352079
1067.000000 1.339579
1068.000000 1.323300
1069.000000 1.356189
1070.000000 1.348505
1071.000000 1.357166
1072.000000 1.355407
1073.000000 1.350139
1074.000000 1.340090
1075.000000 1.315197
1076.000000 1.316705
1077.000000 1.293238
1078.000000 1.305967
1079.000000 1.299650
1080.000000 1.280710
1081.000000 1.272763
1082.000000 1.266515
1083.000000 1.265540
1084.000000 1.255902
1085.000000 1.253289
1086.000000 1.223947
1087.000000 1.228358
1088.000000 1.212648
1089.000000 1.190771
1090.000000 1.191090
1091.000000 1.186836
1092.000000 1.172466
1093.000000 1.152166
1094.000000 1.153517
1095.000000 1.150501
1096.000000 1.162321
1097.000000 1.152817
1098.000000 1.152269
1099.000000 1.144674
1100.000000 1.147685
1101.000000 1.155836
1102.000000 1.140086
1103.000000 1.140151
1104.000000 1.146857
1105.000000 1.144723
1106.000000 1.145837
1107.000000 1.138931
1108.000000 1.147662
1109.000000 1.154112
1110.000000 1.162605
1111.000000 1.175683
1112.000000 1.179269
1113.000000 1.193026
1114.000000 1.192180
1115.000000 1.195507
1116.000000 1.208795
1117.000000 1.208650
1118.000000 1.215484
1119.000000 1.208555
1120.000000 1.197677
1121.000000 1.207404
1122.000000 1.212622
1123.000000 1.212316
1124.000000 1.214703
1125.000000 1.200568
1126.000000 1.204978
1127.000000 1.195684
1128.000000 1.196377
1129.000000 1.190129
1130.000000 1.169383
1131.000000 1.160805
1132.000000 1.152889
1133.000000 1.150095
1134.000000 1.140680
1135.000000 1.138734
1136.000000 1.131097
1137.000000 1.125743
1138.000000 1.128381
1139.000000 1.143106
1140.000000 1.130060
1141.000000 1.124787
1142.000000 1.129120
1143.000000 1.125521
1144.000000 1.114256
1145.000000 1.122957
1146.000000 1.127828
1147.000000 1.121594
1148.000000 1.118661
1149.000000 1.134632
1150.000000 1.131998
1151.000000 1.130575
1152.000000 1.138411
1153.000000 1.133839
1154.000000 1.134316
1155.000000 1.145694
1156.000000 1.140530
1157.000000 1.154557
1158.000000 1.167640
1159.000000 1.160623
1160.000000 1.168620
1161.000000 1.182233
1162.000000 1.175665
1163.000000 1.184849
1164.000000 1.198360
1165.000000 1.215902
1166.000000 1.220511
1167.000000 1.232887
1168.000000 1.248833
1169.000000 1.259180
1170.000000 1.284915
1171.000000 1.296375
1172.000000 1.305902
1173.000000 1.326076
1174.000000 1.344888
1175.000000 1.343216
1176.000000 1.369061
1177.000000 1.388821
1178.000000 1.388030
1179.000000 1.366609
1180.000000 1.384360
1181.000000 1.415158
1182.000000 1.428722
1183.000000 1.434956
1184.000000 1.469874
1185.000000 1.493734
1186.000000 1.512388
1187.000000 1.541518
1188.000000 1.571860
1189.000000 1.620882
1190.000000 1.651723
1191.000000 1.702423
1192.000000 1.752160
1193.000000 1.801323
1194.000000 1.849809
1195.000000 1.904997
1196.000000 1.951334
1197.000000 2.019604
1198.000000 2.074013
1199.000000 2.128827
1200.000000 2.198667
1201.000000 2.304980
1202.000000 2.419553
1203.000000 2.548234
1204.000000 2.700386
1205.000000 2.811559
1206.000000 2.913211
1207.000000 3.073739
1208.000000 3.285456
1209.000000 3.578721
1210.000000 3.830802
1211.000000 4.148884
1212.000000 4.714223
1213.000000 5.609898
1214.000000 6.280406
1215.000000 4.667350
1216.000000 3.733698
1217.000000 3.608390
1218.000000 3.424542
1219.000000 3.226024
1220.000000 3.001356
1221.000000 2.845376
1222.000000 2.712205
1223.000000 2.582225
1224.000000 2.471813
1225.000000 2.365363
1226.000000 2.288860
1227.000000 2.208751
1228.000000 2.181379
1229.000000 2.129632
1230.000000 2.103529
1231.000000 2.079172
1232.000000 2.075822
1233.000000 2.061624
1234.000000 2.058931
1235.000000 2.067538
1236.000000 2.084878
1237.000000 2.082009
1238.000000 2.057473
1239.000000 2.040095
1240.000000 2.018702
1241.000000 1.978638
1242.000000 1.922347
1243.000000 1.854590
1244.000000 1.771531
1245.000000 1.711295
1246.000000 1.645314
1247.000000 1.585264
1248.000000 1.535573
1249.000000 1.497904
1250.000000 1.461358
1251.000000 1.429183
1252.000000 1.403330
1253.000000 1.378520
1254.000000 1.350893
1255.000000 1.331505
1256.000000 1.314171
1257.000000 1.303780
1258.000000 1.287145
1259.000000 1.268635
1260.000000 1.256910
1261.000000 1.243486
1262.000000 1.234327
1263.000000 1.224375
1264.000000 1.213729
1265.000000 1.200448
1266.000000 1.179582
1267.000000 1.160041
1268.000000 1.139248
1269.000000 1.124291
1270.000000 1.102867
1271.000000 1.089029
1272.000000 1.074802
1273.000000 1.060713
1274.000000 1.044028
1275.000000 1.033694
1276.000000 1.025072
1277.000000 1.016033
1278.000000 1.008874
1279.000000 1.001907
1280.000000 0.997772
1281.000000 0.992009
1282.000000 0.988149
1283.000000 0.986026
1284.000000 0.984158
1285.000000 0.979481
1286.000000 0.978212
1287.000000 0.973906
1288.000000 0.979248
1289.000000 0.976748
1290.000000 0.977380
1291.000000 0.983406
1292.000000 0.985634
1293.000000 0.990161
1294.000000 0.992822
1295.000000 0.994888
1296.000000 1.001543
1297.000000 1.009719
1298.000000 1.017131
1299.000000 1.021174
1300.000000 1.031196
1301.000000 1.039180
1302.000000 1.042478
1303.000000 1.051478
1304.000000 1.051624
1305.000000 1.052276
1306.000000 1.053303
1307.000000 1.048122
1308.000000 1.037556
1309.000000 1.030295
1310.000000 1.018026
1311.000000 1.007826
1312.000000 0.992481
1313.000000 0.976344
1314.000000 0.965282
1315.000000 0.953978
1316.000000 0.943509
1317.000000 0.933363
1318.000000 0.929266
1319.000000 0.925545
1320.000000 0.921779
1321.000000 0.920930
1322.000000 0.914614
1323.000000 0.915683
1324.000000 0.916798
1325.000000 0.917573
1326.000000 0.922125
1327.000000 0.923058
1328.000000 0.926008
1329.000000 0.932011
1330.000000 0.941104
1331.000000 0.947382
1332.000000 0.957094
1333.000000 0.957114
1334.000000 0.958287
1335.000000 0.960773
1336.000000 0.961204
1337.000000 0.959629
1338.000000 0.954855
1339.000000 0.948025
1340.000000 0.939452
1341.000000 0.933935
1342.000000 0.930846
1343.000000 0.923866
1344.000000 0.918477
1345.000000 0.914826
1346.000000 0.908124
1347.000000 0.905386
1348.000000 0.903772
1349.000000 0.899727
1350.000000 0.896991
1351.000000 0.893993
1352.000000 0.890168
1353.000000 0.888379
1354.000000 0.886667
1355.000000 0.889143
1356.000000 0.888218
1357.000000 0.887807
1358.000000 0.890552
1359.000000 0.887639
1360.000000 0.890081
1361.000000 0.891241
1362.000000 0.891523
1363.000000 0.893900
1364.000000 0.896560
1365.000000 0.895307
1366.000000 0.897140
1367.000000 0.896365
1368.000000 0.896447
1369.000000 0.897648
1370.000000 0.901030
1371.000000 0.902019
1372.000000 0.903576
1373.000000 0.904889
1374.000000 0.908782
1375.000000 0.909013
1376.000000 0.912577
1377.000000 0.917479
1378.000000 0.922518
1379.000000 0.933039
1380.000000 0.933911
1381.000000 0.940716
1382.000000 0.947221
1383.000000 0.955954
1384.000000 0.968101
1385.000000 0.976518
1386.000000 0.986286
1387.000000 0.998735
1388.000000 1.010756
1389.000000 1.028821
1390.000000 1.039994
1391.000000 1.054361
1392.000000 1.060510
1393.000000 1.063005
1394.000000 1.070685
1395.000000 1.070536
1396.000000 1.075191
1397.000000 1.076339
1398.000000 1.079888
1399.000000 1.083160
1400.000000 1.087372
1401.000000 1.081001
1402.000000 1.074874
1403.000000 1.060865
1404.000000 1.044166
1405.000000 1.029005
1406.000000 1.011179
1407.000000 0.996393
1408.000000 0.978579
1409.000000 0.959683
1410.000000 0.950613
1411.000000 0.939656
1412.000000 0.927352
1413.000000 0.916004
1414.000000 0.906398
1415.000000 0.897694
1416.000000 0.888809
1417.000000 0.883079
1418.000000 0.874265
1419.000000 0.868687
1420.000000 0.862051
1421.000000 0.858533
1422.000000 0.852340
1423.000000 0.848305
1424.000000 0.844455
1425.000000 0.838910
1426.000000 0.833936
1427.000000 0.830600
1428.000000 0.826789
1429.000000 0.821863
1430.000000 0.818610
1431.000000 0.817051
1432.000000 0.811777
1433.000000 0.810890
1434.000000 0.807153
1435.000000 0.805054
1436.000000 0.800420
1437.000000 0.799993
1438.000000 0.795321
1439.000000 0.794025
1440.000000 0.790581
1441.000000 0.787866
1442.000000 0.784568
1443.000000 0.784358
1444.000000 0.782482
1445.000000 0.780812
1446.000000 0.778472
1447.000000 0.778955
1448.000000 0.777156
1449.000000 0.775164
1450.000000 0.775835
1451.000000 0.778192
1452.000000 0.778293
1453.000000 0.778002
1454.000000 0.777447
1455.000000 0.777298
1456.000000 0.776812
1457.000000 0.774676
1458.000000 0.774642
1459.000000 0.772369
1460.000000 0.772532
1461.000000 0.771242
1462.000000 0.772940
1463.000000 0.770815
1464.000000 0.770389
1465.000000 0.773027
1466.000000 0.772104
1467.000000 0.771432
1468.000000 0.772616
1469.000000 0.770664
1470.000000 0.773293
1471.000000 0.775072
1472.000000 0.772678
1473.000000 0.773311
1474.000000 0.775713
1475.000000 0.777140
1476.000000 0.777110
1477.000000 0.781751
1478.000000 0.783716
1479.000000 0.785508
1480.000000 0.787532
1481.000000 0.790598
1482.000000 0.792455
1483.000000 0.794109
1484.000000 0.796741
1485.000000 0.799020
1486.000000 0.797462
1487.000000 0.797667
1488.000000 0.795423
1489.000000 0.796081
1490.000000 0.796345
1491.000000 0.795787
1492.000000 0.800331
1493.000000 0.798939
1494.000000 0.799091
1495.000000 0.801512
1496.000000 0.804429
1497.000000 0.805814
1498.000000 0.809016
1499.000000 0.812358
1500.000000 0.812192
1501.000000 0.813706
1502.000000 0.815059
1503.000000 0.816358
1504.000000 0.820643
1505.000000 0.818735
1506.000000 0.826255
1507.000000 0.829109
1508.000000 0.834773
1509.000000 0.836904
1510.000000 0.841514
1511.000000 0.845897
1512.000000 0.850635
1513.000000 0.859700
1514.000000 0.866119
1515.000000 0.871018
1516.000000 0.879697
1517.000000 0.888116
1518.000000 0.897689
1519.000000 0.909677
1520.000000 0.919595
1521.000000 0.932426
1522.000000 0.948582
1523.000000 0.963988
1524.000000 0.978441
1525.000000 0.992020
1526.000000 1.008124
1527.000000 1.024682
1528.000000 1.041629
1529.000000 1.058358
1530.000000 1.083800
1531.000000 1.104206
1532.000000 1.127580
1533.000000 1.149378
1534.000000 1.175104
1535.000000 1.197196
1536.000000 1.222475
1537.000000 1.250647
1538.000000 1.279203
1539.000000 1.315515
1540.000000 1.353327
1541.000000 1.391293
1542.000000 1.432107
1543.000000 1.472610
1544.000000 1.528674
1545.000000 1.577259
1546.000000 1.615453
1547.000000 1.633713
1548.000000 1.627499
1549.000000 1.600164
1550.000000 1.548063
1551.000000 1.492283
1552.000000 1.437908
1553.000000 1.372619
1554.000000 1.321472
1555.000000 1.276467
1556.000000 1.237088
1557.000000 1.196195
1558.000000 1.161812
1559.000000 1.129682
1560.000000 1.099609
1561.000000 1.070198
1562.000000 1.045504
1563.000000 1.021286
1564.000000 1.002845
1565.000000 0.986758
1566.000000 0.967531
1567.000000 0.953372
1568.000000 0.940606
1569.000000 0.929625
1570.000000 0.912655
1571.000000 0.902189
1572.000000 0.892654
1573.000000 0.883899
1574.000000 0.873852
1575.000000 0.862971
1576.000000 0.856026
1577.000000 0.850221
1578.000000 0.843585
1579.000000 0.835965
1580.000000 0.829634
1581.000000 0.824260
1582.000000 0.819487
1583.000000 0.814452
1584.000000 0.808829
1585.000000 0.804552
1586.000000 0.803174
1587.000000 0.797261
1588.000000 0.795252
1589.000000 0.790876
1590.000000 0.786859
1591.000000 0.785501
1592.000000 0.780096
1593.000000 0.780994
1594.000000 0.779789
1595.000000 0.776845
1596.000000 0.774979
1597.000000 0.773961
1598.000000 0.773549
1599.000000 0.773712
1600.000000 0.771365
1601.000000 0.772554
1602.000000 0.769619
1603.000000 0.770867
1604.000000 0.769644
1605.000000 0.768887
1606.000000 0.766012
1607.000000 0.766108
1608.000000 0.763540
1609.000000 0.762388
1610.000000 0.762625
1611.000000 0.761926
1612.000000 0.761455
1613.000000 0.761893
1614.000000 0.760164
1615.000000 0.761486
1616.000000 0.762102
1617.000000 0.762310
1618.000000 0.760940
1619.000000 0.761329
1620.000000 0.761108
1621.000000 0.760320
1622.000000 0.761766
1623.000000 0.761391
1624.000000 0.760924
1625.000000 0.763511
1626.000000 0.764870
1627.000000 0.764295
1628.000000 0.763841
1629.000000 0.767060
1630.000000 0.767314
1631.000000 0.769649
1632.000000 0.773039
1633.000000 0.776500
1634.000000 0.777684
1635.000000 0.784334
1636.000000 0.785559
1637.000000 0.788473
1638.000000 0.791248
1639.000000 0.789440
1640.000000 0.784391
1641.000000 0.774819
1642.000000 0.764954
1643.000000 0.754880
1644.000000 0.751408
1645.000000 0.746148
1646.000000 0.739304
1647.000000 0.734779
1648.000000 0.733678
1649.000000 0.730464
1650.000000 0.728023
1651.000000 0.728041
1652.000000 0.728298
1653.000000 0.728267
1654.000000 0.727818
1655.000000 0.727142
1656.000000 0.729696
1657.000000 0.729370
1658.000000 0.728895
1659.000000 0.728560
1660.000000 0.731639
1661.000000 0.731092
1662.000000 0.732888
1663.000000 0.729176
1664.000000 0.729687
1665.000000 0.726371
1666.000000 0.725255
1667.000000 0.719105
1668.000000 0.713257
1669.000000 0.710312
1670.000000 0.704890
1671.000000 0.699744
1672.000000 0.694278
1673.000000 0.690903
1674.000000 0.685205
1675.000000 0.679696
1676.000000 0.675342
1677.000000 0.671570
1678.000000 0.667006
1679.000000 0.664465
1680.000000 0.661238
1681.000000 0.655731
1682.000000 0.653572
1683.000000 0.650302
1684.000000 0.647453
1685.000000 0.645146
1686.000000 0.641597
1687.000000 0.641004
1688.000000 0.640630
1689.000000 0.638887
1690.000000 0.637446
1691.000000 0.635943
1692.000000 0.634772
1693.000000 0.633717
1694.000000 0.634828
1695.000000 0.633794
1696.000000 0.632158
1697.000000 0.632161
1698.000000 0.631192
1699.000000 0.629951
1700.000000 0.629951
1701.000000 0.631146
1702.000000 0.632070
1703.000000 0.630387
1704.000000 0.630637
1705.000000 0.630795
1706.000000 0.631947
1707.000000 0.634430
1708.000000 0.634467
1709.000000 0.634640
1710.000000 0.634752
1711.000000 0.633960
1712.000000 0.635834
1713.000000 0.635329
1714.000000 0.637148
1715.000000 0.636889
1716.000000 0.636621
1717.000000 0.636092
1718.000000 0.637214
1719.000000 0.638171
1720.000000 0.637557
1721.000000 0.636651
1722.000000 0.636271
1723.000000 0.633761
1724.000000 0.634546
1725.000000 0.635152
1726.000000 0.635799
1727.000000 0.632734
1728.000000 0.632707
1729.000000 0.632256
1730.000000 0.630102
1731.000000 0.630439
1732.000000 0.630348
1733.000000 0.630275
1734.000000 0.628946
1735.000000 0.630883
1736.000000 0.631090
1737.000000 0.631582
1738.000000 0.632393
1739.000000 0.632126
1740.000000 0.633768
1741.000000 0.636581
1742.000000 0.637349
1743.000000 0.639320
1744.000000 0.641567
1745.000000 0.641081
1746.000000 0.644134
1747.000000 0.641961
1748.000000 0.643152
1749.000000 0.642632
1750.000000 0.639482
1751.000000 0.640255
1752.000000 0.635311
1753.000000 0.633498
1754.000000 0.631211
1755.000000 0.626340
1756.000000 0.625542
1757.000000 0.619671
1758.000000 0.617904
1759.000000 0.615018
1760.000000 0.616933
1761.000000 0.613071
1762.000000 0.611383
1763.000000 0.609461
1764.000000 0.608226
1765.000000 0.607607
1766.000000 0.603489
1767.000000 0.601587
1768.000000 0.602559
1769.000000 0.601993
1770.000000 0.603327
1771.000000 0.599494
1772.000000 0.599365
1773.000000 0.597224
1774.000000 0.597950
1775.000000 0.597433
1776.000000 0.596779
1777.000000 0.597306
1778.000000 0.597385
1779.000000 0.599322
1780.000000 0.596464
1781.000000 0.597994
1782.000000 0.600249
1783.000000 0.600770
1784.000000 0.602643
1785.000000 0.601713
1786.000000 0.602095
1787.000000 0.603928
1788.000000 0.597994
1789.000000 0.597268
1790.000000 0.597011
1791.000000 0.593842
1792.000000 0.591560
1793.000000 0.589025
1794.000000 0.587574
1795.000000 0.585871
1796.000000 0.584362
1797.000000 0.582081
1798.000000 0.582632
1799.000000 0.581917
1800.000000 0.578836
1801.000000 0.577356
1802.000000 0.578574
1803.000000 0.580514
1804.000000 0.581687
1805.000000 0.580431
1806.000000 0.581206
1807.000000 0.580043
1808.000000 0.579155
1809.000000 0.582319
1810.000000 0.580616
1811.000000 0.579227
1812.000000 0.581671
1813.000000 0.582911
1814.000000 0.581938
1815.000000 0.581756
1816.000000 0.581496
1817.000000 0.579479
1818.000000 0.578066
1819.000000 0.579646
1820.000000 0.578225
1821.000000 0.576588
1822.000000 0.575066
1823.000000 0.576509
1824.000000 0.575121
1825.000000 0.572524
1826.000000 0.572902
1827.000000 0.571213
1828.000000 0.570203
1829.000000 0.570150
1830.000000 0.568421
1831.000000 0.568279
1832.000000 0.570972
1833.000000 0.571660
1834.000000 0.574003
1835.000000 0.573995
1836.000000 0.575546
1837.000000 0.577337
1838.000000 0.574418
1839.000000 0.577884
1840.000000 0.577059
1841.000000 0.581284
1842.000000 0.584599
1843.000000 0.586054
1844.000000 0.586614
1845.000000 0.586799
1846.000000 0.590081
1847.000000 0.593779
1848.000000 0.596027
1849.000000 0.599061
1850.000000 0.603317
1851.000000 0.603056
1852.000000 0.609530
1853.000000 0.610637
1854.000000 0.611503
1855.000000 0.611761
1856.000000 0.614433
1857.000000 0.615707
1858.000000 0.616639
1859.000000 0.618284
1860.000000 0.617277
1861.000000 0.620099
1862.000000 0.615880
1863.000000 0.620243
1864.000000 0.616188
1865.000000 0.616854
1866.000000 0.615854
1867.000000 0.613508
1868.000000 0.613817
1869.000000 0.614026
1870.000000 0.613518
1871.000000 0.612379
1872.000000 0.615476
1873.000000 0.612989
1874.000000 0.615227
1875.000000 0.616648
1876.000000 0.620387
1877.000000 0.621515
1878.000000 0.626138
1879.000000 0.626940
1880.000000 0.631362
1881.000000 0.640573
1882.000000 0.641678
1883.000000 0.650850
1884.000000 0.656488
1885.000000 0.661314
1886.000000 0.670175
1887.000000 0.676779
1888.000000 0.684905
1889.000000 0.692568
1890.000000 0.700761
1891.000000 0.707494
1892.000000 0.713435
1893.000000 0.719152
1894.000000 0.724036
1895.000000 0.728424
1896.000000 0.733081
1897.000000 0.735855
1898.000000 0.741154
1899.000000 0.744832
1900.000000 0.752025
1901.000000 0.758172
1902.000000 0.767726
1903.000000 0.778365
1904.000000 0.787857
1905.000000 0.796481
1906.000000 0.804854
1907.000000 0.806645
1908.000000 0.802968
1909.000000 0.795345
1910.000000 0.785481
1911.000000 0.772994
1912.000000 0.760136
1913.000000 0.748235
1914.000000 0.736803
1915.000000 0.721726
1916.000000 0.709579
1917.000000 0.698537
1918.000000 0.687774
1919.000000 0.676568
1920.000000 0.665341
1921.000000 0.657069
1922.000000 0.648493
1923.000000 0.639011
1924.000000 0.630962
1925.000000 0.623449
1926.000000 0.617569
1927.000000 0.609276
1928.000000 0.604439
1929.000000 0.598346
1930.000000 0.591943
1931.000000 0.586355
1932.000000 0.580985
1933.000000 0.574236
1934.000000 0.571511
1935.000000 0.564645
1936.000000 0.561514
1937.000000 0.557774
1938.000000 0.552480
1939.000000 0.549896
1940.000000 0.548496
1941.000000 0.544073
1942.000000 0.542804
1943.000000 0.536942
1944.000000 0.537654
1945.000000 0.534373
1946.000000 0.533670
1947.000000 0.528356
1948.000000 0.527811
1949.000000 0.525699
1950.000000 0.524377
1951.000000 0.523955
1952.000000 0.521667
1953.000000 0.518812
1954.000000 0.517357
1955.000000 0.515590
1956.000000 0.514482
1957.000000 0.512506
1958.000000 0.511769
1959.000000 0.509007
1960.000000 0.506969
1961.000000 0.503625
1962.000000 0.502876
1963.000000 0.498786
1964.000000 0.500739
1965.000000 0.497510
1966.000000 0.497914
1967.000000 0.496222
1968.000000 0.495766
1969.000000 0.492342
1970.000000 0.491988
1971.000000 0.492550
1972.000000 0.490361
1973.000000 0.489818
1974.000000 0.490326
1975.000000 0.487209
1976.000000 0.486948
1977.000000 0.486209
1978.000000 0.487042
1979.000000 0.485029
1980.000000 0.485094
1981.000000 0.486023
1982.000000 0.483720
1983.000000 0.484177
1984.000000 0.483911
1985.000000 0.484842
1986.000000 0.484863
1987.000000 0.483090
1988.000000 0.485385
1989.000000 0.483948
1990.000000 0.484178
1991.000000 0.484271
1992.000000 0.483332
1993.000000 0.485668
1994.000000 0.483484
1995.000000 0.482637
1996.000000 0.481275
1997.000000 0.483609
1998.000000 0.481948
1999.000000 0.481584
2000.000000 0.483278
2001.000000 0.479675
2002.000000 0.479539
2003.000000 0.480871
2004.000000 0.479142
2005.000000 0.478624
2006.000000 0.477203
2007.000000 0.477905
2008.000000 0.474359
2009.000000 0.475168
2010.000000 0.476377
2011.000000 0.475340
2012.000000 0.473483
2013.000000 0.471841
2014.000000 0.473347
2015.000000 0.472828
2016.000000 0.472347
2017.000000 0.470922
2018.000000 0.472887
2019.000000 0.469610
2020.000000 0.471156
2021.000000 0.469613
2022.000000 0.468495
2023.000000 0.468404
2024.000000 0.469453
2025.000000 0.467259
2026.000000 0.466630
2027.000000 0.464236
2028.000000 0.466097
2029.000000 0.465713
2030.000000 0.467145
2031.000000 0.466364
2032.000000 0.465612
2033.000000 0.464287
2034.000000 0.465227
2035.000000 0.465718
2036.000000 0.465796
2037.000000 0.464549
2038.000000 0.463045
2039.000000 0.464907
2040.000000 0.464795
2041.000000 0.463892
2042.000000 0.463766
2043.000000 0.464305
2044.000000 0.465412
2045.000000 0.465040
2046.000000 0.464783
2047.000000 0.464989
2048.000000 0.462020
2049.000000 0.464934
2050.000000 0.464241
2051.000000 0.465960
2052.000000 0.467872
2053.000000 0.468122
2054.000000 0.468953
2055.000000 0.469957
2056.000000 0.470334
2057.000000 0.471241
2058.000000 0.473440
2059.000000 0.475634
2060.000000 0.473245
2061.000000 0.476602
2062.000000 0.476833
2063.000000 0.477704
2064.000000 0.477224
2065.000000 0.478699
2066.000000 0.478210
2067.000000 0.480320
2068.000000 0.478329
2069.000000 0.479845
2070.000000 0.480365
2071.000000 0.478493
2072.000000 0.477798
2073.000000 0.478008
2074.000000 0.474607
2075.000000 0.477188
2076.000000 0.477589
2077.000000 0.475580
2078.000000 0.476947
2079.000000 0.473213
2080.000000 0.474672
2081.000000 0.473594
2082.000000 0.472562
2083.000000 0.471679
2084.000000 0.470594
2085.000000 0.470912
2086.000000 0.469299
2087.000000 0.469007
2088.000000 0.468434
2089.000000 0.466207
2090.000000 0.466856
2091.000000 0.464926
2092.000000 0.464782
2093.000000 0.463688
2094.000000 0.462514
2095.000000 0.463284
2096.000000 0.459491
2097.000000 0.459529
2098.000000 0.458529
2099.000000 0.459948
2100.000000 0.458700
2101.000000 0.455421
2102.000000 0.456185
2103.000000 0.453732
2104.000000 0.454584
2105.000000 0.453920
2106.000000 0.451343
2107.000000 0.453339
2108.000000 0.451268
2109.000000 0.450546
2110.000000 0.449326
2111.000000 0.448252
2112.000000 0.448455
2113.000000 0.446981
2114.000000 0.444083
2115.000000 0.443462
2116.000000 0.444048
2117.000000 0.441531
2118.000000 0.441292
2119.000000 0.438409
2120.000000 0.441209
2121.000000 0.437325
2122.000000 0.435855
2123.000000 0.435900
2124.000000 0.436242
2125.000000 0.435294
2126.000000 0.434774
2127.000000 0.433356
2128.000000 0.432672
2129.000000 0.433345
2130.000000 0.431866
2131.000000 0.430925
2132.000000 0.430651
2133.000000 0.431805
2134.000000 0.431995
2135.000000 0.428720
2136.000000 0.430469
2137.000000 0.429542
2138.000000 0.428793
2139.000000 0.430659
2140.000000 0.429413
2141.000000 0.429621
2142.000000 0.428546
2143.000000 0.428138
2144.000000 0.428859
2145.000000 0.424879
2146.000000 0.423900
2147.000000 0.425841
2148.000000 0.424647
2149.000000 0.424321
2150.000000 0.420781
2151.000000 0.420462
2152.000000 0.418581
2153.000000 0.418949
2154.000000 0.418765
2155.000000 0.416690
2156.000000 0.416470
2157.000000 0.415948
2158.000000 0.415433
2159.000000 0.417032
2160.000000 0.416336
2161.000000 0.418217
2162.000000 0.416620
2163.000000 0.416768
2164.000000 0.416917
2165.000000 0.417031
2166.000000 0.416657
2167.000000 0.417273
2168.000000 0.417185
2169.000000 0.416651
2170.000000 0.415005
2171.000000 0.415254
2172.000000 0.414735
2173.000000 0.414248
2174.000000 0.416969
2175.000000 0.415553
2176.000000 0.414056
2177.000000 0.415032
2178.000000 0.413410
2179.000000 0.412319
2180.000000 0.412245
2181.000000 0.410252
2182.000000 0.412598
2183.000000 0.410369
2184.000000 0.411716
2185.000000 0.408652
2186.000000 0.408579
2187.000000 0.408020
2188.000000 0.407849
2189.000000 0.408032
2190.000000 0.406071
2191.000000 0.405634
2192.000000 0.404343
2193.000000 0.403862
2194.000000 0.403030
2195.000000 0.403916
2196.000000 0.400531
2197.000000 0.401555
2198.000000 0.400722
2199.000000 0.399663
2200.000000 0.399893
2201.000000 0.401701
2202.000000 0.399116
2203.000000 0.400273
2204.000000 0.400366
2205.000000 0.399848
2206.000000 0.399295
2207.000000 0.398365
2208.000000 0.400423
2209.000000 0.401325
2210.000000 0.402125
2211.000000 0.400374
2212.000000 0.400839
2213.000000 0.398744
2214.000000 0.402704
2215.000000 0.399713
2216.000000 0.399830
2217.000000 0.401245
2218.000000 0.401184
2219.000000 0.401368
2220.000000 0.401926
2221.000000 0.402372
2222.000000 0.400848
2223.000000 0.401730
2224.000000 0.402042
2225.000000 0.401492
2226.000000 0.398314
2227.000000 0.397033
2228.000000 0.398722
2229.000000 0.397754
2230.000000 0.395807
2231.000000 0.398010
2232.000000 0.397555
2233.000000 0.395655
2234.000000 0.394751
2235.000000 0.395182
2236.000000 0.392833
2237.000000 0.392696
2238.000000 0.393455
2239.000000 0.392901
2240.000000 0.394026
2241.000000 0.393405
2242.000000 0.392110
2243.000000 0.391376
2244.000000 0.390649
2245.000000 0.390858
2246.000000 0.391533
2247.000000 0.393424
2248.000000 0.394452
2249.000000 0.392646
2250.000000 0.392959
2251.000000 0.393621
2252.000000 0.395635
2253.000000 0.392395
2254.000000 0.395746
2255.000000 0.395173
2256.000000 0.393659
2257.000000 0.393687
2258.000000 0.396209
2259.000000 0.394281
2260.000000 0.394954
2261.000000 0.396384
2262.000000 0.398371
2263.000000 0.397722
2264.000000 0.398199
2265.000000 0.395808
2266.000000 0.396789
2267.000000 0.398743
2268.000000 0.399418
2269.000000 0.398965
2270.000000 0.398498
2271.000000 0.397367
2272.000000 0.398830
2273.000000 0.400438
2274.000000 0.398159
2275.000000 0.400471
2276.000000 0.405950
2277.000000 0.403206
2278.000000 0.403022
2279.000000 0.405172
2280.000000 0.403980
2281.000000 0.405130
2282.000000 0.405874
2283.000000 0.405814
2284.000000 0.405284
2285.000000 0.405492
2286.000000 0.404986
2287.000000 0.407348
2288.000000 0.408512
2289.000000 0.407069
2290.000000 0.409161
2291.000000 0.409292
2292.000000 0.408339
2293.000000 0.409547
2294.000000 0.409258
2295.000000 0.409392
2296.000000 0.411049
2297.000000 0.411847
2298.000000 0.412334
2299.000000 0.413008
2300.000000 0.414982
2301.000000 0.413485
2302.000000 0.415678
2303.000000 0.415015
2304.000000 0.412430
2305.000000 0.414947
2306.000000 0.415746
2307.000000 0.414614
2308.000000 0.415802
2309.000000 0.417329
2310.000000 0.413198
2311.000000 0.416016
2312.000000 0.413821
2313.000000 0.414312
2314.000000 0.415942
2315.000000 0.415477
2316.000000 0.418714
2317.000000 0.417788
2318.000000 0.418604
2319.000000 0.422517
2320.000000 0.419667
2321.000000 0.420076
2322.000000 0.421995
2323.000000 0.422006
2324.000000 0.422770
2325.000000 0.423121
2326.000000 0.423977
2327.000000 0.424060
2328.000000 0.422784
2329.000000 0.422545
2330.000000 0.423398
2331.000000 0.422266
2332.000000 0.419594
2333.000000 0.420413
2334.000000 0.418876
2335.000000 0.416219
2336.000000 0.415611
2337.000000 0.414827
2338.000000 0.415284
2339.000000 0.414522
2340.000000 0.411964
2341.000000 0.411318
2342.000000 0.409492
2343.000000 0.410423
2344.000000 0.409379
2345.000000 0.407175
2346.000000 0.409347
2347.000000 0.409240
2348.000000 0.406795
2349.000000 0.406428
2350.000000 0.404854
2351.000000 0.405835
2352.000000 0.403988
2353.000000 0.403858
2354.000000 0.405162
2355.000000 0.404328
2356.000000 0.404314
2357.000000 0.403897
2358.000000 0.403798
2359.000000 0.402531
2360.000000 0.400827
2361.000000 0.400686
2362.000000 0.400406
2363.000000 0.400350
2364.000000 0.399929
2365.000000 0.401753
2366.000000 0.397873
2367.000000 0.401086
2368.000000 0.397756
2369.000000 0.398144
2370.000000 0.399058
2371.000000 0.398911
2372.000000 0.396525
2373.000000 0.395682
2374.000000 0.394444
2375.000000 0.393385
2376.000000 0.396075
2377.000000 0.399537
2378.000000 0.396644
2379.000000 0.396901
2380.000000 0.397285
2381.000000 0.396121
2382.000000 0.396177
2383.000000 0.393866
2384.000000 0.395645
2385.000000 0.395432
2386.000000 0.396307
2387.000000 0.396452
2388.000000 0.397686
2389.000000 0.397530
2390.000000 0.396598
2391.000000 0.397482
2392.000000 0.396606
2393.000000 0.396653
2394.000000 0.396330
2395.000000 0.397675
2396.000000 0.397407
2397.000000 0.395299
2398.000000 0.396720
2399.000000 0.401423
2400.000000 0.397264
2401.000000 0.399481
2402.000000 0.395935
2403.000000 0.395951
2404.000000 0.397055
2405.000000 0.397334
2406.000000 0.397556
2407.000000 0.399837
2408.000000 0.400680
2409.000000 0.399959
2410.000000 0.402452
2411.000000 0.402420
2412.000000 0.398127
2413.000000 0.403058
2414.000000 0.403077
2415.000000 0.404701
2416.000000 0.405710
2417.000000 0.408642
2418.000000 0.407580
2419.000000 0.409743
2420.000000 0.415420
2421.000000 0.410585
2422.000000 0.413962
2423.000000 0.408513
2424.000000 0.410055
2425.000000 0.408218
2426.000000 0.408267
2427.000000 0.407867
2428.000000 0.408841
2429.000000 0.406229
2430.000000 0.406593
2431.000000 0.406883
2432.000000 0.402835
2433.000000 0.403157
2434.000000 0.404550
2435.000000 0.405308
2436.000000 0.402072
2437.000000 0.402703
2438.000000 0.400253
2439.000000 0.404132
2440.000000 0.403151
2441.000000 0.400844
2442.000000 0.397362
2443.000000 0.400600
2444.000000 0.398875
2445.000000 0.398895
2446.000000 0.395717
2447.000000 0.396277
2448.000000 0.393729
2449.000000 0.396935
2450.000000 0.396672
2451.000000 0.397085
2452.000000 0.395302
2453.000000 0.393228
2454.000000 0.395244
2455.000000 0.394622
2456.000000 0.395328
2457.000000 0.393313
2458.000000 0.392338
2459.000000 0.392936
2460.000000 0.395439
2461.000000 0.394987
2462.000000 0.395596
2463.000000 0.395472
2464.000000 0.396433
2465.000000 0.395715
2466.000000 0.397158
2467.000000 0.395746
2468.000000 0.395309
2469.000000 0.396677
2470.000000 0.397880
2471.000000 0.395606
2472.000000 0.395086
2473.000000 0.394612
2474.000000 0.393537
2475.000000 0.393820
2476.000000 0.394592
2477.000000 0.393930
2478.000000 0.394293
2479.000000 0.391263
2480.000000 0.394715
2481.000000 0.394051
2482.000000 0.396043
2483.000000 0.391380
2484.000000 0.391963
2485.000000 0.392049
2486.000000 0.391916
2487.000000 0.391172
2488.000000 0.391001
2489.000000 0.392923
2490.000000 0.392303
2491.000000 0.392568
2492.000000 0.391261
2493.000000 0.392841
2494.000000 0.393046
2495.000000 0.387884
2496.000000 0.388662
2497.000000 0.388847
2498.000000 0.388019
2499.000000 0.388511
2500.000000 0.388373
2501.000000 0.388363
2502.000000 0.387580
2503.000000 0.389836
2504.000000 0.388839
2505.000000 0.389351
2506.000000 0.387581
2507.000000 0.387878
2508.000000 0.388245
2509.000000 0.388881
2510.000000 0.387877
2511.000000 0.385520
2512.000000 0.384503
2513.000000 0.387676
2514.000000 0.382896
2515.000000 0.386592
2516.000000 0.384150
2517.000000 0.385202
2518.000000 0.383515
2519.000000 0.383583
2520.000000 0.382378
2521.000000 0.380107
2522.000000 0.380856
2523.000000 0.381743
2524.000000 0.383137
2525.000000 0.384699
2526.000000 0.379486
2527.000000 0.380634
2528.000000 0.379521
2529.000000 0.381067
2530.000000 0.380378
2531.000000 0.381378
2532.000000 0.378237
2533.000000 0.381417
2534.000000 0.379627
2535.000000 0.383804
2536.000000 0.380747
2537.000000 0.379684
2538.000000 0.378060
2539.000000 0.380897
2540.000000 0.380161
2541.000000 0.380108
2542.000000 0.376223
2543.000000 0.376713
2544.000000 0.375849
2545.000000 0.378628
2546.000000 0.375453
2547.000000 0.377771
2548.000000 0.378112
2549.000000 0.375804
2550.000000 0.373571
2551.000000 0.374756
2552.000000 0.373722
2553.000000 0.376068
2554.000000 0.370041
2555.000000 0.370302
2556.000000 0.371025
2557.000000 0.368796
2558.000000 0.369633
2559.000000 0.370636
2560.000000 0.369994
2561.000000 0.370404
2562.000000 0.373861
2563.000000 0.371792
2564.000000 0.368181
2565.000000 0.368186
2566.000000 0.368851
2567.000000 0.366572
2568.000000 0.367791
2569.000000 0.366156
2570.000000 0.364339
2571.000000 0.366602
2572.000000 0.366635
2573.000000 0.365264
2574.000000 0.365859
2575.000000 0.365848
2576.000000 0.363397
2577.000000 0.364126
2578.000000 0.363311
2579.000000 0.366382
2580.000000 0.361977
2581.000000 0.362544
2582.000000 0.361675
2583.000000 0.361036
2584.000000 0.360642
2585.000000 0.361455
2586.000000 0.360144
2587.000000 0.360900
2588.000000 0.359117
2589.000000 0.357530
2590.000000 0.361350
2591.000000 0.359016
2592.000000 0.358973
2593.000000 0.361015
2594.000000 0.358590
2595.000000 0.358034
2596.000000 0.357293
2597.000000 0.357038
2598.000000 0.358684
2599.000000 0.357285
2600.000000 0.356312
2601.000000 0.357860
2602.000000 0.353704
2603.000000 0.354758
2604.000000 0.357580
2605.000000 0.354688
2606.000000 0.355335
2607.000000 0.355940
2608.000000 0.357024
2609.000000 0.356683
2610.000000 0.358264
2611.000000 0.355580
2612.000000 0.357109
2613.000000 0.353417
2614.000000 0.355337
2615.000000 0.356397
2616.000000 0.355936
2617.000000 0.356140
2618.000000 0.356659
2619.000000 0.355284
2620.000000 0.358001
2621.000000 0.356685
2622.000000 0.356433
2623.000000 0.356579
2624.000000 0.354680
2625.000000 0.354334
2626.000000 0.351811
2627.000000 0.354321
2628.000000 0.355263
2629.000000 0.351861
2630.000000 0.351860
2631.000000 0.348404
2632.000000 0.347143
2633.000000 0.350735
2634.000000 0.348834
2635.000000 0.352164
2636.000000 0.348221
2637.000000 0.346180
2638.000000 0.344168
2639.000000 0.342349
2640.000000 0.344241
2641.000000 0.340872
2642.000000 0.342575
2643.000000 0.339360
2644.000000 0.338617
2645.000000 0.337779
2646.000000 0.337125
2647.000000 0.335305
2648.000000 0.335139
2649.000000 0.336702
2650.000000 0.334083
2651.000000 0.333808
2652.000000 0.336147
2653.000000 0.335242
2654.000000 0.334935
2655.000000 0.335580
2656.000000 0.332855
2657.000000 0.333019
2658.000000 0.334478
2659.000000 0.334015
2660.000000 0.332977
2661.000000 0.333935
2662.000000 0.334308
2663.000000 0.333027
2664.000000 0.334607
2665.000000 0.335672
2666.000000 0.334930
2667.000000 0.337639
2668.000000 0.333892
2669.000000 0.337339
2670.000000 0.336419
2671.000000 0.336925
2672.000000 0.338154
2673.000000 0.334654
2674.000000 0.335944
2675.000000 0.336193
2676.000000 0.338783
2677.000000 0.337572
2678.000000 0.335170
2679.000000 0.335482
2680.000000 0.333344
2681.000000 0.335811
2682.000000 0.334366
2683.000000 0.336638
2684.000000 0.334397
2685.000000 0.336023
2686.000000 0.337013
2687.000000 0.336515
2688.000000 0.337103
2689.000000 0.335316
2690.000000 0.333515
2691.000000 0.332616
2692.000000 0.333742
2693.000000 0.336063
2694.000000 0.335228
2695.000000 0.333760
2696.000000 0.335754
2697.000000 0.337691
2698.000000 0.335809
2699.000000 0.337564
2700.000000 0.337308
2701.000000 0.340719
2702.000000 0.341866
2703.000000 0.340790
2704.000000 0.336192
2705.000000 0.342447
2706.000000 0.340844
2707.000000 0.341232
2708.000000 0.342621
2709.000000 0.339629
2710.000000 0.341311
2711.000000 0.343421
2712.000000 0.346089
2713.000000 0.343536
2714.000000 0.344728
2715.000000 0.347133
2716.000000 0.345433
2717.000000 0.348319
2718.000000 0.346432
2719.000000 0.346459
2720.000000 0.350071
2721.000000 0.349944
2722.000000 0.353970
2723.000000 0.352306
2724.000000 0.353155
2725.000000 0.356681
2726.000000 0.352584
2727.000000 0.353191
2728.000000 0.353598
2729.000000 0.352263
2730.000000 0.352345
2731.000000 0.357218
2732.000000 0.359273
2733.000000 0.357609
2734.000000 0.358849
2735.000000 0.356515
2736.000000 0.364251
2737.000000 0.361181
2738.000000 0.361242
2739.000000 0.361312
2740.000000 0.357435
2741.000000 0.361640
2742.000000 0.361845
2743.000000 0.361489
2744.000000 0.363445
2745.000000 0.363783
2746.000000 0.363888
2747.000000 0.364232
2748.000000 0.364752
2749.000000 0.366554
2750.000000 0.367142
2751.000000 0.367904
2752.000000 0.367343
2753.000000 0.368773
2754.000000 0.368975
2755.000000 0.369375
2756.000000 0.374914
2757.000000 0.370855
2758.000000 0.372715
2759.000000 0.369729
2760.000000 0.370995
2761.000000 0.370403
2762.000000 0.373344
2763.000000 0.374464
2764.000000 0.374039
2765.000000 0.378004
2766.000000 0.376474
2767.000000 0.376432
2768.000000 0.379828
2769.000000 0.378386
2770.000000 0.386534
2771.000000 0.381836
2772.000000 0.388886
2773.000000 0.389182
2774.000000 0.394850
2775.000000 0.393519
2776.000000 0.400332
2777.000000 0.402507
2778.000000 0.404313
2779.000000 0.410644
2780.000000 0.412805
2781.000000 0.417286
2782.000000 0.421830
2783.000000 0.424728
2784.000000 0.433430
2785.000000 0.438252
2786.000000 0.444334
2787.000000 0.449010
2788.000000 0.457553
2789.000000 0.460082
2790.000000 0.470813
2791.000000 0.476226
2792.000000 0.488934
2793.000000 0.495519
2794.000000 0.497632
2795.000000 0.501999
2796.000000 0.504849
2797.000000 0.514929
2798.000000 0.516553
2799.000000 0.520493
2800.000000 0.517334
2801.000000 0.514297
2802.000000 0.514911
2803.000000 0.509983
2804.000000 0.508847
2805.000000 0.506108
2806.000000 0.500538
2807.000000 0.493262
2808.000000 0.487667
2809.000000 0.476316
2810.000000 0.475023
2811.000000 0.468591
2812.000000 0.460583
2813.000000 0.453599
2814.000000 0.443577
2815.000000 0.442490
2816.000000 0.434642
2817.000000 0.430291
2818.000000 0.423470
2819.000000 0.418436
2820.000000 0.410293
2821.000000 0.407885
2822.000000 0.404253
2823.000000 0.402197
2824.000000 0.396963
2825.000000 0.394159
2826.000000 0.392078
2827.000000 0.387390
2828.000000 0.388748
2829.000000 0.379759
2830.000000 0.384929
2831.000000 0.377392
2832.000000 0.377948
2833.000000 0.370878
2834.000000 0.370961
2835.000000 0.372204
2836.000000 0.369581
2837.000000 0.366563
2838.000000 0.365381
2839.000000 0.366570
2840.000000 0.363803
2841.000000 0.362939
2842.000000 0.361127
2843.000000 0.359173
2844.000000 0.356572
2845.000000 0.356789
2846.000000 0.351822
2847.000000 0.354181
2848.000000 0.353780
2849.000000 0.351942
2850.000000 0.349274
2851.000000 0.351603
2852.000000 0.348929
2853.000000 0.346486
2854.000000 0.348291
2855.000000 0.343427
2856.000000 0.344544
2857.000000 0.341477
2858.000000 0.339177
2859.000000 0.341333
2860.000000 0.337762
2861.000000 0.338621
2862.000000 0.336206
2863.000000 0.332985
2864.000000 0.334101
2865.000000 0.330896
2866.000000 0.332542
2867.000000 0.329815
2868.000000 0.332332
2869.000000 0.333164
2870.000000 0.335366
2871.000000 0.326262
2872.000000 0.327974
2873.000000 0.327059
2874.000000 0.334762
2875.000000 0.325962
2876.000000 0.333084
2877.000000 0.319764
2878.000000 0.322782
2879.000000 0.324468
2880.000000 0.327386
2881.000000 0.326051
2882.000000 0.326542
2883.000000 0.319641
2884.000000 0.326708
2885.000000 0.319860
2886.000000 0.323450
2887.000000 0.316531
2888.000000 0.319210
2889.000000 0.318832
2890.000000 0.318723
2891.000000 0.314698
2892.000000 0.317079
2893.000000 0.319738
2894.000000 0.316569
2895.000000 0.314751
2896.000000 0.310498
2897.000000 0.312225
2898.000000 0.314547
2899.000000 0.312227
2900.000000 0.314009
2901.000000 0.309678
2902.000000 0.307662
2903.000000 0.307595
2904.000000 0.310545
2905.000000 0.307279
2906.000000 0.310940
2907.000000 0.308311
2908.000000 0.311863
2909.000000 0.306448
2910.000000 0.312006
2911.000000 0.306441
2912.000000 0.307780
2913.000000 0.305158
2914.000000 0.306884
2915.000000 0.300924
2916.000000 0.310095
2917.000000 0.303535
2918.000000 0.311838
2919.000000 0.308057
2920.000000 0.309887
2921.000000 0.315802
2922.000000 0.311618
2923.000000 0.309747
2924.000000 0.310945
2925.000000 0.314862
2926.000000 0.311148
2927.000000 0.311942
2928.000000 0.316948
2929.000000 0.312035
2930.000000 0.317762
2931.000000 0.313419
2932.000000 0.314998
2933.000000 0.312298
2934.000000 0.312731
2935.000000 0.318806
2936.000000 0.312327
2937.000000 0.317159
2938.000000 0.314009
2939.000000 0.317743
2940.000000 0.312860
2941.000000 0.316210
2942.000000 0.310515
2943.000000 0.318606
2944.000000 0.312442
2945.000000 0.313413
2946.000000 0.310848
2947.000000 0.317494
2948.000000 0.313872
2949.000000 0.317138
2950.000000 0.310841
2951.000000 0.316549
2952.000000 0.316982
2953.000000 0.313851
2954.000000 0.313292
2955.000000 0.307488
2956.000000 0.309089
2957.000000 0.307660
2958.000000 0.311021
2959.000000 0.307566
2960.000000 0.312687
2961.000000 0.306435
2962.000000 0.308213
2963.000000 0.305587
2964.000000 0.312278
2965.000000 0.311943
2966.000000 0.311352
2967.000000 0.307720
2968.000000 0.305183
2969.000000 0.303256
2970.000000 0.306877
2971.000000 0.308085
2972.000000 0.304625
2973.000000 0.306748
2974.000000 0.299783
2975.000000 0.306348
2976.000000 0.305217
2977.000000 0.303439
2978.000000 0.301093
2979.000000 0.307291
2980.000000 0.304100
2981.000000 0.304035
2982.000000 0.308395
2983.000000 0.305708
2984.000000 0.303747
2985.000000 0.299403
2986.000000 0.300645
2987.000000 0.295558
2988.000000 0.299688
2989.000000 0.293506
2990.000000 0.298085
2991.000000 0.300780
2992.000000 0.295047
2993.000000 0.292842
2994.000000 0.291727
2995.000000 0.292578
2996.000000 0.287476
2997.000000 0.294343
2998.000000 0.288045
2999.000000 0.293860
3000.000000 0.291081
3001.000000 0.284422
3002.000000 0.285585
3003.000000 0.290019
3004.000000 0.287917
3005.000000 0.286170
3006.000000 0.288986
3007.000000 0.284536
3008.000000 0.285779
3009.000000 0.280216
3010.000000 0.273911
3011.000000 0.281892
3012.000000 0.284610
3013.000000 0.280079
3014.000000 0.277864
3015.000000 0.278955
3016.000000 0.271739
3017.000000 0.274010
3018.000000 0.277575
3019.000000 0.278927
3020.000000 0.275538
3021.000000 0.272813
3022.000000 0.266743
3023.000000 0.265774
3024.000000 0.276580
3025.000000 0.277750
3026.000000 0.271982
3027.000000 0.272616
3028.000000 0.269398
3029.000000 0.271274
3030.000000 0.259972
3031.000000 0.271108
3032.000000 0.267603
3033.000000 0.270913
3034.000000 0.263814
3035.000000 0.265766
3036.000000 0.268235
3037.000000 0.268059
3038.000000 0.269273
3039.000000 0.267176
3040.000000 0.273503
3041.000000 0.274073
3042.000000 0.270715
3043.000000 0.270676
3044.000000 0.264442
3045.000000 0.275751
3046.000000 0.267373
3047.000000 0.272833
3048.000000 0.270788
3049.000000 0.261940
3050.000000 0.273043
3051.000000 0.259477
3052.000000 0.271407
3053.000000 0.270718
3054.000000 0.269304
3055.000000 0.267494
3056.000000 0.268068
3057.000000 0.267234
3058.000000 0.268222
3059.000000 0.272913
3060.000000 0.269752
3061.000000 0.265490
3062.000000 0.264962
3063.000000 0.265067
3064.000000 0.271435
3065.000000 0.271378
3066.000000 0.266708
3067.000000 0.276853
3068.000000 0.264392
3069.000000 0.273628
3070.000000 0.267246
3071.000000 0.267399
3072.000000 0.270105
3073.000000 0.275561
3074.000000 0.267705
3075.000000 0.275321
3076.000000 0.268436
3077.000000 0.262391
3078.000000 0.264661
3079.000000 0.265270
3080.000000 0.263712
3081.000000 0.277443
3082.000000 0.266026
3083.000000 0.266101
3084.000000 0.267275
3085.000000 0.264027
3086.000000 0.271878
3087.000000 0.261803
3088.000000 0.264260
3089.000000 0.266598
3090.000000 0.263939
3091.000000 0.264190
3092.000000 0.255956
3093.000000 0.268743
3094.000000 0.268858
3095.000000 0.264482
3096.000000 0.279869
3097.000000 0.268131
3098.000000 0.276094
3099.000000 0.275727
3100.000000 0.272028
3101.000000 0.263398
3102.000000 0.258516
3103.000000 0.272218
3104.000000 0.266977
3105.000000 0.267684
3106.000000 0.269703
3107.000000 0.265290
3108.000000 0.265706
3109.000000 0.276640
3110.000000 0.277002
3111.000000 0.276869
3112.000000 0.261825
3113.000000 0.263859
3114.000000 0.268302
3115.000000 0.271437
3116.000000 0.277912
3117.000000 0.267123
3118.000000 0.271640
3119.000000 0.267054
3120.000000 0.270193
3121.000000 0.281256
3122.000000 0.274875
3123.000000 0.275745
3124.000000 0.274991
3125.000000 0.265607
3126.000000 0.280371
3127.000000 0.276477
3128.000000 0.279711
3129.000000 0.291456
3130.000000 0.271732
3131.000000 0.288474
3132.000000 0.267005
3133.000000 0.270884
3134.000000 0.277720
3135.000000 0.275521
3136.000000 0.272889
3137.000000 0.267549
3138.000000 0.279502
3139.000000 0.263243
3140.000000 0.279117
3141.000000 0.278309
3142.000000 0.279254
3143.000000 0.267228
3144.000000 0.274686
3145.000000 0.277670
3146.000000 0.273282
3147.000000 0.290002
3148.000000 0.267518
3149.000000 0.265117
3150.000000 0.267068
3151.000000 0.263208
3152.000000 0.269897
3153.000000 0.260206
3154.000000 0.273385
3155.000000 0.279814
3156.000000 0.263013
3157.000000 0.274712
3158.000000 0.272560
3159.000000 0.262435
3160.000000 0.270531
3161.000000 0.275444
3162.000000 0.284913
3163.000000 0.264388
3164.000000 0.257539
3165.000000 0.269051
3166.000000 0.286095
3167.000000 0.264159
3168.000000 0.291511
3169.000000 0.289465
3170.000000 0.261114
3171.000000 0.291552
3172.000000 0.262989
3173.000000 0.278814
3174.000000 0.270154
3175.000000 0.289160
3176.000000 0.283134
3177.000000 0.258089
3178.000000 0.269049
3179.000000 0.287957
3180.000000 0.265448
3181.000000 0.270973
3182.000000 0.273489
3183.000000 0.283629
3184.000000 0.285499
3185.000000 0.279852
3186.000000 0.272509
3187.000000 0.276590
3188.000000 0.290473
3189.000000 0.299330
3190.000000 0.303343
3191.000000 0.269949
3192.000000 0.273171
3193.000000 0.256472
3194.000000 0.271461
3195.000000 0.294140
3196.000000 0.287539
3197.000000 0.291238
3198.000000 0.288385
3199.000000 0.252504
3200.000000 0.269828
3201.000000 0.303275
3202.000000 0.282746
3203.000000 0.287804
3204.000000 0.286159
3205.000000 0.245389
3206.000000 0.274801
3207.000000 0.273530
3208.000000 0.267462
3209.000000 0.281777
3210.000000 0.286170
3211.000000 0.253592
3212.000000 0.265242
3213.000000 0.311795
3214.000000 0.284096
3215.000000 0.263482
3216.000000 0.285708
3217.000000 0.286118
3218.000000 0.292078
3219.000000 0.289639
3220.000000 0.260520
3221.000000 0.298437
3222.000000 0.245711
3223.000000 0.270688
3224.000000 0.266715
3225.000000 0.284027
3226.000000 0.296147
3227.000000 0.293441
3228.000000 0.274607
3229.000000 0.259128
3230.000000 0.266791
3231.000000 0.255968
3232.000000 0.277944
3233.000000 0.258430
3234.000000 0.253247
3235.000000 0.265971
3236.000000 0.288777
3237.000000 0.255915
3238.000000 0.250553
3239.000000 0.278904
3240.000000 0.281067
3241.000000 0.283132
3242.000000 0.273641
3243.000000 0.288304
3244.000000 0.287216
3245.000000 0.238309
3246.000000 0.293321
3247.000000 0.299508
3248.000000 0.267876
3249.000000 0.247065
3250.000000 0.259352
3251.000000 0.265081
3252.000000 0.261054
3253.000000 0.271087
3254.000000 0.286236
3255.000000 0.329204
3256.000000 0.271463
3257.000000 0.298724
3258.000000 0.255591
3259.000000 0.274624
3260.000000 0.273807
3261.000000 0.280940
3262.000000 0.258569
3263.000000 0.201747
3264.000000 0.205029
3265.000000 0.280496
3266.000000 0.265203
3267.000000 0.274013
3268.000000 0.257043
3269.000000 0.328667
3270.000000 0.314288
3271.000000 0.207849
3272.000000 0.185925
3273.000000 0.302410
3274.000000 0.413389
3275.000000 0.361943
3276.000000 0.270119
3277.000000 0.196350
3278.000000 0.408428
3279.000000 0.365899
3280.000000 0.315484
3281.000000 0.199785
3282.000000 -0.053827
3283.000000 0.329169
3284.000000 0.557376
3285.000000 0.202124
3286.000000 0.257019
3287.000000 0.426509
3288.000000 0.569793
3289.000000 0.176851
3290.000000 1.063379
3291.000000 1.259192
3292.000000 2.290055
3293.000000 2.801845
3294.000000 1.881100
3295.000000 -3.313701
3296.000000 17.206107
3297.000000 2.762084
3298.000000 -0.369527
3299.000000 -9.791879
3300.000000 nan
3301.000000 nan
3302.000000 nan
3303.000000 nan
3304.000000 nan
3305.000000 nan
3306.000000 nan
3307.000000 nan
3308.000000 nan
3309.000000 nan
3310.000000 nan
3311.000000 nan
3312.000000 nan
3313.000000 nan
3314.000000 nan
3315.000000 nan
3316.000000 nan
3317.000000 nan
3318.000000 nan
3319.000000 nan
3320.000000 nan
3321.000000 nan
3322.000000 nan
3323.000000 nan
3324.000000 nan
3325.000000 nan
3326.000000 nan
3327.000000 nan
3328.000000 nan
3329.000000 nan
3330.000000 nan
3331.000000 nan
3332.000000 nan
3333.000000 nan
3334.000000 nan
3335.000000 nan
3336.000000 nan
3337.000000 nan
3338.000000 nan
3339.000000 nan
3340.000000 nan
3341.000000 nan
3342.000000 nan
3343.000000 nan
3344.000000 nan
3345.000000 nan
3346.000000 nan
3347.000000 nan
3348.000000 nan
3349.000000 nan
3350.000000 nan
3351.000000 nan
3352.000000 nan
3353.000000 nan
3354.000000 nan
3355.000000 nan
3356.000000 nan
3357.000000 nan
3358.000000 nan
3359.000000 nan
3360.000000 nan
3361.000000 nan
3362.000000 nan
3363.000000 nan
3364.000000 nan
3365.000000 nan
3366.000000 nan
3367.000000 nan
3368.000000 nan
3369.000000 nan
3370.000000 nan
3371.000000 nan
3372.000000 nan
3373.000000 nan
3374.000000 nan
3375.000000 nan
3376.000000 nan
3377.000000 nan
3378.000000 nan
3379.000000 nan
3380.000000 nan
3381.000000 nan
3382.000000 nan
3383.000000 nan
3384.000000 nan
3385.000000 nan
3386.000000 nan
3387.000000 nan
3388.000000 nan
3389.000000 nan
3390.000000 nan
3391.000000 nan
3392.000000 nan
3393.000000 nan
3394.000000 nan
3395.000000 nan
3396.000000 nan
3397.000000 nan
3398.000000 nan
3399.000000 nan
3400.000000 nan
3401.000000 nan
3402.000000 nan
3403.000000 nan
3404.000000 nan
3405.000000 nan
3406.000000 nan
3407.000000 nan
3408.000000 nan
3409.000000 nan
3410.000000 nan
3411.000000 nan
3412.000000 nan
3413.000000 nan
3414.000000 nan
3415.000000 nan
3416.000000 nan
3417.000000 nan
3418.000000 nan
3419.000000 nan
3420.000000 nan
3421.000000 nan
3422.000000 nan
3423.000000 nan
3424.000000 nan
3425.000000 nan
3426.000000 nan
3427.000000 nan
3428.000000 nan
3429.000000 nan
3430.000000 nan
3431.000000 nan
3432.000000 nan
3433.000000 nan
3434.000000 nan
3435.000000 nan
3436.000000 nan
3437.000000 nan
3438.000000 nan
3439.000000 nan
3440.000000 nan
3441.000000 nan
3442.000000 nan
3443.000000 nan
3444.000000 nan
3445.000000 nan
3446.000000 nan
3447.000000 nan
3448.000000 nan
3449.000000 nan
3450.000000 nan
3451.000000 nan
3452.000000 nan
3453.000000 nan
3454.000000 nan
3455.000000 nan
3456.000000 nan
3457.000000 nan
3458.000000 nan
3459.000000 nan
3460.000000 nan
3461.000000 nan
3462.000000 nan
3463.000000 nan
3464.000000 nan
3465.000000 nan
3466.000000 nan
3467.000000 nan
3468.000000 nan
3469.000000 nan
3470.000000 nan
3471.000000 nan
3472.000000 nan
3473.000000 nan
3474.000000 nan
3475.000000 nan
3476.000000 nan
3477.000000 nan
3478.000000 nan
3479.000000 nan
3480.000000 nan
3481.000000 nan
3482.000000 nan
3483.000000 nan
3484.000000 nan
3485.000000 nan
3486.000000 nan
3487.000000 nan
3488.000000 nan
3489.000000 nan
3490.000000 nan
3491.000000 nan
3492.000000 nan
3493.000000 nan
3494.000000 nan
3495.000000 nan
3496.000000 nan
3497.000000 nan
3498.000000 nan
3499.000000 nan
3500.000000 nan
3501.000000 nan
3502.000000 nan
3503.000000 nan
3504.000000 nan
3505.000000 nan
3506.000000 nan
3507.000000 nan
3508.000000 nan
3509.000000 nan
3510.000000 nan
3511.000000 nan
3512.000000 nan
3513.000000 nan
3514.000000 nan
3515.000000 nan
3516.000000 nan
3517.000000 nan
3518.000000 nan
3519.000000 nan
3520.000000 nan
3521.000000 nan
3522.000000 nan
3523.000000 nan
3524.000000 nan
3525.000000 nan
3526.000000 nan
3527.000000 nan
3528.000000 nan
3529.000000 nan
3530.000000 nan
3531.000000 nan
3532.000000 nan
3533.000000 nan
3534.000000 nan
3535.000000 nan
3536.000000 nan
3537.000000 nan
3538.000000 nan
3539.000000 nan
3540.000000 nan
3541.000000 nan
3542.000000 nan
3543.000000 nan
3544.000000 nan
3545.000000 nan
3546.000000 nan
3547.000000 nan
3548.000000 nan
3549.000000 nan
3550.000000 nan
3551.000000 nan
3552.000000 nan
3553.000000 nan
3554.000000 nan
3555.000000 nan
3556.000000 nan
3557.000000 nan
3558.000000 nan
3559.000000 nan
3560.000000 nan
3561.000000 nan
3562.000000 nan
3563.000000 nan
3564.000000 nan
3565.000000 nan
3566.000000 nan
3567.000000 nan
3568.000000 nan
3569.000000 nan
3570.000000 nan
3571.000000 nan
3572.000000 nan
3573.000000 nan
3574.000000 nan
3575.000000 nan
3576.000000 nan
3577.000000 nan
3578.000000 nan
3579.000000 nan
3580.000000 nan
3581.000000 nan
3582.000000 nan
3583.000000 nan
3584.000000 nan
3585.000000 nan
3586.000000 nan
3587.000000 nan
3588.000000 nan
3589.000000 nan
3590.000000 nan
3591.000000 nan
3592.000000 nan
3593.000000 nan
3594.000000 nan
3595.000000 nan
3596.000000 nan
3597.000000 nan
3598.000000 nan
3599.000000 nan
3600.000000 nan
