600.000000 0.245494
601.000000 0.554678
602.000000 0.614843
603.000000 0.072530
604.000000 0.053858
605.000000 0.425754
606.000000 -0.640455
607.000000 0.589490
608.000000 0.352414
609.000000 0.114485
610.000000 -0.410716
611.000000 -0.197780
612.000000 0.082990
613.000000 0.412645
614.000000 0.138676
615.000000 -0.156467
616.000000 -0.272684
617.000000 -0.174138
618.000000 -0.057889
619.000000 -0.029161
620.000000 -0.026314
621.000000 -0.122869
622.000000 -0.091074
623.000000 0.158227
624.000000 0.018927
625.000000 0.320567
626.000000 -0.199783
627.000000 -0.050317
628.000000 0.071814
629.000000 0.117466
630.000000 0.051034
631.000000 -0.222945
632.000000 -0.017475
633.000000 0.070002
634.000000 0.051736
635.000000 0.145976
636.000000 -0.089714
637.000000 0.135353
638.000000 -0.026622
639.000000 -0.004062
640.000000 -0.056296
641.000000 0.089918
642.000000 0.111844
643.000000 -0.065295
644.000000 -0.103981
645.000000 0.081482
646.000000 0.058261
647.000000 0.056725
648.000000 0.084974
649.000000 0.078120
650.000000 0.017523
651.000000 0.114484
652.000000 0.021323
653.000000 0.010972
654.000000 0.009875
655.000000 0.046894
656.000000 0.059241
657.000000 0.066014
658.000000 -0.009548
659.000000 -0.064436
660.000000 0.113040
661.000000 0.044156
662.000000 0.149617
663.000000 0.006890
664.000000 0.101238
665.000000 0.021117
666.000000 -0.041195
667.000000 0.081868
668.000000 0.043748
669.000000 -0.086337
670.000000 0.114190
671.000000 0.083770
672.000000 0.024687
673.000000 0.028931
674.000000 0.011004
675.000000 -0.020741
676.000000 -0.044349
677.000000 -0.092647
678.000000 0.181615
679.000000 -0.050335
680.000000 0.159103
681.000000 0.058044
682.000000 0.041519
683.000000 0.068866
684.000000 0.114677
685.000000 0.074853
686.000000 0.022703
687.000000 0.002404
688.000000 0.008754
689.000000 0.072161
690.000000 0.058706
691.000000 0.087580
692.000000 0.044655
693.000000 0.009786
694.000000 0.033019
695.000000 0.012643
696.000000 0.031925
697.000000 0.017853
698.000000 0.038572
699.000000 0.022676
700.000000 0.005850
701.000000 0.026174
702.000000 0.020985
703.000000 0.038257
704.000000 0.003912
705.000000 -0.012050
706.000000 -0.014982
707.000000 0.058709
708.000000 0.041648
709.000000 -0.012490
710.000000 -0.020710
711.000000 0.061256
712.000000 -0.010621
713.000000 0.002681
714.000000 -0.006131
715.000000 0.080369
716.000000 0.018321
717.000000 0.057388
718.000000 0.014278
719.000000 -0.001030
720.000000 0.045412
721.000000 0.012648
722.000000 0.039553
723.000000 0.050518
724.000000 0.004091
725.000000 -0.009904
726.000000 -0.005542
727.000000 0.010955
728.000000 0.043142
729.000000 -0.035621
730.000000 -0.034895
731.000000 0.028263
732.000000 -0.012450
733.000000 -0.001620
734.000000 0.018900
735.000000 0.051227
736.000000 0.000419
737.000000 0.024515
738.000000 0.029016
739.000000 0.026611
740.000000 0.032253
741.000000 0.001750
742.000000 0.007626
743.000000 0.000189
744.000000 0.016801
745.000000 0.036160
746.000000 0.013180
747.000000 0.010724
748.000000 0.013235
749.000000 0.014361
750.000000 0.034646
751.000000 -0.008024
752.000000 0.043080
753.000000 0.017330
754.000000 0.048368
755.000000 0.035064
756.000000 0.013554
757.000000 0.013191
758.000000 0.008392
759.000000 0.007589
760.000000 0.037637
761.000000 0.023294
762.000000 0.018071
763.000000 0.019115
764.000000 0.030422
765.000000 0.030547
766.000000 0.035475
767.000000 0.027608
768.000000 0.012435
769.000000 0.038341
770.000000 0.026132
771.000000 0.039803
772.000000 -0.003189
773.000000 0.033110
774.000000 0.030350
775.000000 0.028730
776.000000 0.050718
777.000000 0.021086
778.000000 0.037566
779.000000 0.039062
780.000000 0.027823
781.000000 0.042600
782.000000 0.022257
783.000000 0.042442
784.000000 0.031907
785.000000 0.013485
786.000000 0.046681
787.000000 0.033031
788.000000 0.036346
789.000000 0.014734
790.000000 0.041049
791.000000 0.038461
792.000000 0.052614
793.000000 0.025765
794.000000 0.041369
795.000000 0.051763
796.000000 0.035270
797.000000 0.048383
798.000000 0.015434
799.000000 0.046963
800.000000 0.036765
801.000000 0.030053
802.000000 0.054103
803.000000 0.030801
804.000000 0.039940
805.000000 0.038335
806.000000 0.037948
807.000000 0.031674
808.000000 0.026752
809.000000 0.033773
810.000000 0.044820
811.000000 0.047660
812.000000 0.025344
813.000000 0.038813
814.000000 0.027217
815.000000 0.047140
816.000000 0.058771
817.000000 0.024766
818.000000 0.042792
819.000000 0.044977
820.000000 0.034319
821.000000 0.022038
822.000000 0.040810
823.000000 0.036271
824.000000 0.053547
825.000000 0.055405
826.000000 0.049467
827.000000 0.044141
828.000000 0.047669
829.000000 0.041450
830.000000 0.036592
831.000000 0.040676
832.000000 0.033990
833.000000 0.055299
834.000000 0.058478
835.000000 0.056556
836.000000 0.060803
837.000000 0.046878
838.000000 0.068628
839.000000 0.069416
840.000000 0.050677
841.000000 0.066997
842.000000 0.057893
843.000000 0.075842
844.000000 0.072559
845.000000 0.076982
846.000000 0.075076
847.000000 0.081708
848.000000 0.084021
849.000000 0.087306
850.000000 0.090004
851.000000 0.099818
852.000000 0.099910
853.000000 0.103768
854.000000 0.112405
855.000000 0.127471
856.000000 0.116682
857.000000 0.146947
858.000000 0.138549
859.000000 0.152512
860.000000 0.167407
861.000000 0.159910
862.000000 0.186945
863.000000 0.190171
864.000000 0.188203
865.000000 0.220303
866.000000 0.194075
867.000000 0.180470
868.000000 0.210316
869.000000 0.237240
870.000000 0.227535
871.000000 0.207710
872.000000 0.227508
873.000000 0.235056
874.000000 0.256108
875.000000 0.274699
876.000000 0.273996
877.000000 0.285757
878.000000 0.285498
879.000000 0.294987
880.000000 0.296998
881.000000 0.310501
882.000000 0.326850
883.000000 0.321829
884.000000 0.346965
885.000000 0.359711
886.000000 0.369386
887.000000 0.371266
888.000000 0.389120
889.000000 0.390157
890.000000 0.407031
891.000000 0.417265
892.000000 0.461856
893.000000 0.464869
894.000000 0.435438
895.000000 0.450853
896.000000 0.484892
897.000000 0.503537
898.000000 0.489620
899.000000 0.528071
900.000000 0.513571
901.000000 0.542657
902.000000 0.563925
903.000000 0.569746
904.000000 0.598093
905.000000 0.554383
906.000000 0.593519
907.000000 0.623859
908.000000 0.632108
909.000000 0.618275
910.000000 0.691091
911.000000 0.696885
912.000000 0.697202
913.000000 0.723230
914.000000 0.731087
915.000000 0.754748
916.000000 0.718974
917.000000 0.764213
918.000000 0.832429
919.000000 0.819740
920.000000 0.816816
921.000000 0.865369
922.000000 0.852443
923.000000 0.865542
924.000000 0.885717
925.000000 0.909498
926.000000 0.925688
927.000000 0.929207
928.000000 0.906762
929.000000 0.981283
930.000000 0.969899
931.000000 0.964091
932.000000 0.990789
933.000000 0.999918
934.000000 0.993022
935.000000 0.996694
936.000000 1.022633
937.000000 1.029976
938.000000 1.010766
939.000000 1.014722
940.000000 1.042031
941.000000 1.074556
942.000000 1.049940
943.000000 1.054250
944.000000 1.056821
945.000000 1.077379
946.000000 1.053830
947.000000 1.075243
948.000000 1.084694
949.000000 1.049663
950.000000 1.033019
951.000000 1.045386
952.000000 1.066714
953.000000 1.054020
954.000000 1.027462
955.000000 1.036310
956.000000 1.031023
957.000000 1.046955
958.000000 1.025172
959.000000 0.989965
960.000000 1.011423
961.000000 1.013615
962.000000 1.011439
963.000000 1.030484
964.000000 1.041650
965.000000 1.052393
966.000000 1.048919
967.000000 1.093064
968.000000 1.080329
969.000000 1.108924
970.000000 1.126509
971.000000 1.184674
972.000000 1.180236
973.000000 1.190356
974.000000 1.244078
975.000000 1.285609
976.000000 1.310384
977.000000 1.318715
978.000000 1.261228
979.000000 1.265073
980.000000 1.278044
981.000000 1.286527
982.000000 1.274952
983.000000 1.288462
984.000000 1.300561
985.000000 1.314298
986.000000 1.326164
987.000000 1.362828
988.000000 1.357333
989.000000 1.356197
990.000000 1.336572
991.000000 1.300588
992.000000 1.314619
993.000000 1.311592
994.000000 1.284453
995.000000 1.253173
996.000000 1.217656
997.000000 1.224899
998.000000 1.227339
999.000000 1.221834
1000.000000 1.230078
1001.000000 1.217057
1002.000000 1.208016
1003.000000 1.174614
1004.000000 1.212432
1005.000000 1.238186
1006.000000 1.228805
1007.000000 1.241468
1008.000000 1.254566
1009.000000 1.240938
1010.000000 1.264782
1011.000000 1.264664
1012.000000 1.259490
1013.000000 1.280353
1014.000000 1.304365
1015.000000 1.316186
1016.000000 1.342088
1017.000000 1.332668
1018.000000 1.374475
1019.000000 1.391550
1020.000000 1.457511
1021.000000 1.467250
1022.000000 1.455576
1023.000000 1.524702
1024.000000 1.627092
1025.000000 1.665599
1026.000000 1.739925
1027.000000 1.782239
1028.000000 1.833669
1029.000000 1.893129
1030.000000 1.954436
1031.000000 1.982181
1032.000000 1.990676
1033.000000 1.959854
1034.000000 1.959284
1035.000000 1.980043
1036.000000 1.988387
1037.000000 1.960489
1038.000000 1.847454
1039.000000 1.747641
1040.000000 1.683280
1041.000000 1.634184
1042.000000 1.569653
1043.000000 1.537205
1044.000000 1.518026
1045.000000 1.480504
1046.000000 1.452263
1047.000000 1.431988
1048.000000 1.414303
1049.000000 1.413760
1050.000000 1.375645
1051.000000 1.389997
1052.000000 1.383315
1053.000000 1.337546
1054.000000 1.350327
1055.000000 1.364637
1056.000000 1.357725
1057.000000 1.364897
1058.000000 1.371273
1059.000000 1.380909
1060.000000 1.401205
1061.000000 1.394009
1062.000000 1.381125
1063.000000 1.384894
1064.000000 1.394929
1065.000000 1.382271
1066.000000 1.385390
1067.000000 1.371836
1068.000000 1.355078
1069.000000 1.388350
1070.000000 1.380469
1071.000000 1.388841
1072.000000 1.386284
1073.000000 1.380438
1074.000000 1.369372
1075.000000 1.343850
1076.000000 1.344661
1077.000000 1.320218
1078.000000 1.333314
1079.000000 1.326862
1080.000000 1.307134
1081.000000 1.298078
1082.000000 1.290990
1083.000000 1.289888
1084.000000 1.279377
1085.000000 1.276325
1086.000000 1.245854
1087.000000 1.250364
1088.000000 1.233980
1089.000000 1.210617
1090.000000 1.210929
1091.000000 1.206555
1092.000000 1.191017
1093.000000 1.170134
1094.000000 1.170982
1095.000000 1.167437
1096.000000 1.179361
1097.000000 1.169110
1098.000000 1.168254
1099.000000 1.160377
1100.000000 1.163075
1101.000000 1.170938
1102.000000 1.154821
1103.000000 1.154509
1104.000000 1.160920
1105.000000 1.158830
1106.000000 1.159553
1107.000000 1.152638
1108.000000 1.161165
1109.000000 1.167060
1110.000000 1.175415
1111.000000 1.188327
1112.000000 1.191853
1113.000000 1.205112
1114.000000 1.203973
1115.000000 1.206961
1116.000000 1.220011
1117.000000 1.220115
1118.000000 1.227079
1119.000000 1.219426
1120.000000 1.207327
1121.000000 1.217197
1122.000000 1.222258
1123.000000 1.221521
1124.000000 1.223729
1125.000000 1.208848
1126.000000 1.213106
1127.000000 1.203469
1128.000000 1.203868
1129.000000 1.197079
1130.000000 1.175634
1131.000000 1.166864
1132.000000 1.158804
1133.000000 1.155271
1134.000000 1.145164
1135.000000 1.143075
1136.000000 1.135059
1137.000000 1.128763
1138.000000 1.131888
1139.000000 1.146507
1140.000000 1.132735
1141.000000 1.127519
1142.000000 1.131234
1143.000000 1.127445
1144.000000 1.115518
1145.000000 1.124063
1146.000000 1.128514
1147.000000 1.121930
1148.000000 1.119358
1149.000000 1.134336
1150.000000 1.132123
1151.000000 1.130667
1152.000000 1.137797
1153.000000 1.132720
1154.000000 1.133150
1155.000000 1.143855
1156.000000 1.138399
1157.000000 1.152118
1158.000000 1.165200
1159.000000 1.157450
1160.000000 1.165293
1161.000000 1.178672
1162.000000 1.171560
1163.000000 1.179809
1164.000000 1.193834
1165.000000 1.210295
1166.000000 1.214890
1167.000000 1.227148
1168.000000 1.243085
1169.000000 1.252756
1170.000000 1.277912
1171.000000 1.288300
1172.000000 1.298183
1173.000000 1.317701
1174.000000 1.335781
1175.000000 1.334188
1176.000000 1.360522
1177.000000 1.380143
1178.000000 1.378559
1179.000000 1.356173
1180.000000 1.373217
1181.000000 1.404133
1182.000000 1.417144
1183.000000 1.423463
1184.000000 1.458017
1185.000000 1.481537
1186.000000 1.499694
1187.000000 1.527822
1188.000000 1.557327
1189.000000 1.605848
1190.000000 1.636288
1191.000000 1.685756
1192.000000 1.734884
1193.000000 1.783426
1194.000000 1.831441
1195.000000 1.885629
1196.000000 1.931162
1197.000000 1.998428
1198.000000 2.051771
1199.000000 2.105840
1200.000000 2.175173
1201.000000 2.280783
1202.000000 2.394919
1203.000000 2.521552
1204.000000 2.673029
1205.000000 2.782994
1206.000000 2.885554
1207.000000 3.046001
1208.000000 3.257804
1209.000000 3.551849
1210.000000 3.805308
1211.000000 4.127676
1212.000000 4.707372
1213.000000 5.640074
1214.000000 6.365612
1215.000000 4.856727
1216.000000 4.064076
1217.000000 3.877846
1218.000000 3.625635
1219.000000 3.378286
1220.000000 3.122162
1221.000000 2.937316
1222.000000 2.785032
1223.000000 2.643447
1224.000000 2.524048
1225.000000 2.409146
1226.000000 2.327875
1227.000000 2.243232
1228.000000 2.210995
1229.000000 2.158370
1230.000000 2.129324
1231.000000 2.104740
1232.000000 2.097806
1233.000000 2.084655
1234.000000 2.081971
1235.000000 2.090497
1236.000000 2.110213
1237.000000 2.109417
1238.000000 2.086066
1239.000000 2.067428
1240.000000 2.045722
1241.000000 2.006197
1242.000000 1.947476
1243.000000 1.878028
1244.000000 1.791094
1245.000000 1.728160
1246.000000 1.659812
1247.000000 1.597690
1248.000000 1.546717
1249.000000 1.508306
1250.000000 1.470605
1251.000000 1.437293
1252.000000 1.411443
1253.000000 1.385235
1254.000000 1.357743
1255.000000 1.337368
1256.000000 1.319658
1257.000000 1.308405
1258.000000 1.291336
1259.000000 1.273442
1260.000000 1.261194
1261.000000 1.247136
1262.000000 1.237456
1263.000000 1.227193
1264.000000 1.216109
1265.000000 1.202958
1266.000000 1.181994
1267.000000 1.162107
1268.000000 1.140990
1269.000000 1.125741
1270.000000 1.104416
1271.000000 1.090137
1272.000000 1.075581
1273.000000 1.061331
1274.000000 1.044855
1275.000000 1.033929
1276.000000 1.025320
1277.000000 1.016383
1278.000000 1.009167
1279.000000 1.002068
1280.000000 0.997451
1281.000000 0.991764
1282.000000 0.988064
1283.000000 0.986042
1284.000000 0.983741
1285.000000 0.979140
1286.000000 0.977624
1287.000000 0.973414
1288.000000 0.978623
1289.000000 0.975700
1290.000000 0.976656
1291.000000 0.982469
1292.000000 0.984901
1293.000000 0.988748
1294.000000 0.991315
1295.000000 0.993816
1296.000000 1.000227
1297.000000 1.008721
1298.000000 1.016301
1299.000000 1.020404
1300.000000 1.029797
1301.000000 1.038334
1302.000000 1.042288
1303.000000 1.051212
1304.000000 1.051367
1305.000000 1.051501
1306.000000 1.052475
1307.000000 1.046925
1308.000000 1.036244
1309.000000 1.028870
1310.000000 1.016492
1311.000000 1.005923
1312.000000 0.990644
1313.000000 0.974135
1314.000000 0.963149
1315.000000 0.951598
1316.000000 0.940899
1317.000000 0.931020
1318.000000 0.927037
1319.000000 0.923236
1320.000000 0.919428
1321.000000 0.918036
1322.000000 0.912176
1323.000000 0.912779
1324.000000 0.913866
1325.000000 0.914839
1326.000000 0.919043
1327.000000 0.920233
1328.000000 0.922842
1329.000000 0.929558
1330.000000 0.938164
1331.000000 0.944566
1332.000000 0.954199
1333.000000 0.954516
1334.000000 0.955457
1335.000000 0.958170
1336.000000 0.957977
1337.000000 0.956879
1338.000000 0.951750
1339.000000 0.944963
1340.000000 0.935993
1341.000000 0.930690
1342.000000 0.927523
1343.000000 0.920657
1344.000000 0.914994
1345.000000 0.911572
1346.000000 0.904526
1347.000000 0.902085
1348.000000 0.900337
1349.000000 0.896082
1350.000000 0.892985
1351.000000 0.889996
1352.000000 0.886129
1353.000000 0.884341
1354.000000 0.883111
1355.000000 0.885071
1356.000000 0.884086
1357.000000 0.883816
1358.000000 0.886319
1359.000000 0.883916
1360.000000 0.885994
1361.000000 0.887293
1362.000000 0.887678
1363.000000 0.889579
1364.000000 0.892421
1365.000000 0.891294
1366.000000 0.892838
1367.000000 0.891931
1368.000000 0.891694
1369.000000 0.892929
1370.000000 0.896716
1371.000000 0.897536
1372.000000 0.899014
1373.000000 0.900619
1374.000000 0.904556
1375.000000 0.904582
1376.000000 0.908373
1377.000000 0.912974
1378.000000 0.917992
1379.000000 0.928564
1380.000000 0.929575
1381.000000 0.936134
1382.000000 0.942537
1383.000000 0.951754
1384.000000 0.963752
1385.000000 0.972116
1386.000000 0.981813
1387.000000 0.994599
1388.000000 1.006496
1389.000000 1.024576
1390.000000 1.036699
1391.000000 1.050871
1392.000000 1.057029
1393.000000 1.059565
1394.000000 1.067350
1395.000000 1.067126
1396.000000 1.071930
1397.000000 1.072813
1398.000000 1.076489
1399.000000 1.079758
1400.000000 1.084305
1401.000000 1.078129
1402.000000 1.071780
1403.000000 1.057744
1404.000000 1.040516
1405.000000 1.025379
1406.000000 1.007605
1407.000000 0.992229
1408.000000 0.974277
1409.000000 0.955517
1410.000000 0.946422
1411.000000 0.935003
1412.000000 0.922457
1413.000000 0.911208
1414.000000 0.901404
1415.000000 0.892971
1416.000000 0.883846
1417.000000 0.877964
1418.000000 0.869418
1419.000000 0.863861
1420.000000 0.857110
1421.000000 0.853339
1422.000000 0.847163
1423.000000 0.843078
1424.000000 0.839389
1425.000000 0.833596
1426.000000 0.828931
1427.000000 0.825356
1428.000000 0.821547
1429.000000 0.816389
1430.000000 0.813252
1431.000000 0.811799
1432.000000 0.806507
1433.000000 0.805423
1434.000000 0.801707
1435.000000 0.799733
1436.000000 0.795222
1437.000000 0.794685
1438.000000 0.789963
1439.000000 0.788572
1440.000000 0.785161
1441.000000 0.782464
1442.000000 0.779008
1443.000000 0.778670
1444.000000 0.776790
1445.000000 0.775349
1446.000000 0.772820
1447.000000 0.773188
1448.000000 0.771572
1449.000000 0.769648
1450.000000 0.770340
1451.000000 0.772512
1452.000000 0.772458
1453.000000 0.772098
1454.000000 0.771553
1455.000000 0.771494
1456.000000 0.771153
1457.000000 0.768837
1458.000000 0.768883
1459.000000 0.766544
1460.000000 0.766724
1461.000000 0.765485
1462.000000 0.767282
1463.000000 0.765052
1464.000000 0.764637
1465.000000 0.767196
1466.000000 0.766432
1467.000000 0.765723
1468.000000 0.766815
1469.000000 0.764808
1470.000000 0.767324
1471.000000 0.769176
1472.000000 0.766923
1473.000000 0.767444
1474.000000 0.769766
1475.000000 0.771210
1476.000000 0.771039
1477.000000 0.775636
1478.000000 0.777825
1479.000000 0.779931
1480.000000 0.781887
1481.000000 0.784888
1482.000000 0.786994
1483.000000 0.788362
1484.000000 0.791198
1485.000000 0.793396
1486.000000 0.791689
1487.000000 0.792073
1488.000000 0.789776
1489.000000 0.790519
1490.000000 0.790436
1491.000000 0.790019
1492.000000 0.794581
1493.000000 0.792973
1494.000000 0.793128
1495.000000 0.795446
1496.000000 0.798311
1497.000000 0.799626
1498.000000 0.802921
1499.000000 0.806525
1500.000000 0.806182
1501.000000 0.807398
1502.000000 0.809006
1503.000000 0.810088
1504.000000 0.814702
1505.000000 0.812787
1506.000000 0.820086
1507.000000 0.822875
1508.000000 0.828518
1509.000000 0.830682
1510.000000 0.835348
1511.000000 0.839761
1512.000000 0.844901
1513.000000 0.853703
1514.000000 0.860148
1515.000000 0.865091
1516.000000 0.874074
1517.000000 0.882360
1518.000000 0.892266
1519.000000 0.903837
1520.000000 0.914186
1521.000000 0.926986
1522.000000 0.942823
1523.000000 0.958900
1524.000000 0.972980
1525.000000 0.987089
1526.000000 1.003016
1527.000000 1.019908
1528.000000 1.037039
1529.000000 1.054036
1530.000000 1.080009
1531.000000 1.100507
1532.000000 1.124073
1533.000000 1.146319
1534.000000 1.172356
1535.000000 1.195087
1536.000000 1.221183
1537.000000 1.249764
1538.000000 1.278926
1539.000000 1.316196
1540.000000 1.354527
1541.000000 1.394063
1542.000000 1.435942
1543.000000 1.478475
1544.000000 1.538155
1545.000000 1.589686
1546.000000 1.630480
1547.000000 1.650936
1548.000000 1.645905
1549.000000 1.617300
1550.000000 1.562511
1551.000000 1.503180
1552.000000 1.446557
1553.000000 1.379012
1554.000000 1.325850
1555.000000 1.279111
1556.000000 1.238074
1557.000000 1.196232
1558.000000 1.161241
1559.000000 1.128395
1560.000000 1.097701
1561.000000 1.068190
1562.000000 1.042786
1563.000000 1.018651
1564.000000 0.999725
1565.000000 0.983089
1566.000000 0.963568
1567.000000 0.949299
1568.000000 0.936369
1569.000000 0.925112
1570.000000 0.908279
1571.000000 0.897668
1572.000000 0.887650
1573.000000 0.878727
1574.000000 0.868965
1575.000000 0.857989
1576.000000 0.851321
1577.000000 0.844999
1578.000000 0.838305
1579.000000 0.830428
1580.000000 0.824456
1581.000000 0.818788
1582.000000 0.813972
1583.000000 0.808680
1584.000000 0.803516
1585.000000 0.798622
1586.000000 0.797478
1587.000000 0.791411
1588.000000 0.789404
1589.000000 0.784926
1590.000000 0.781207
1591.000000 0.779746
1592.000000 0.774485
1593.000000 0.775106
1594.000000 0.773910
1595.000000 0.771177
1596.000000 0.769157
1597.000000 0.768414
1598.000000 0.767598
1599.000000 0.767927
1600.000000 0.765275
1601.000000 0.766409
1602.000000 0.763968
1603.000000 0.765210
1604.000000 0.763989
1605.000000 0.763165
1606.000000 0.760343
1607.000000 0.760319
1608.000000 0.757543
1609.000000 0.756844
1610.000000 0.756829
1611.000000 0.756027
1612.000000 0.755775
1613.000000 0.756197
1614.000000 0.754236
1615.000000 0.755441
1616.000000 0.756194
1617.000000 0.756281
1618.000000 0.755067
1619.000000 0.755484
1620.000000 0.755009
1621.000000 0.754529
1622.000000 0.756194
1623.000000 0.755755
1624.000000 0.755414
1625.000000 0.757905
1626.000000 0.759092
1627.000000 0.758506
1628.000000 0.758226
1629.000000 0.761207
1630.000000 0.761661
1631.000000 0.764319
1632.000000 0.767495
1633.000000 0.770932
1634.000000 0.772221
1635.000000 0.778735
1636.000000 0.780170
1637.000000 0.783202
1638.000000 0.785917
1639.000000 0.784242
1640.000000 0.779002
1641.000000 0.769455
1642.000000 0.759425
1643.000000 0.749468
1644.000000 0.745873
1645.000000 0.740765
1646.000000 0.734048
1647.000000 0.729566
1648.000000 0.728553
1649.000000 0.724878
1650.000000 0.722667
1651.000000 0.722690
1652.000000 0.722778
1653.000000 0.722764
1654.000000 0.722194
1655.000000 0.721490
1656.000000 0.724353
1657.000000 0.723932
1658.000000 0.723546
1659.000000 0.723369
1660.000000 0.726451
1661.000000 0.725650
1662.000000 0.727477
1663.000000 0.724070
1664.000000 0.724678
1665.000000 0.721051
1666.000000 0.720272
1667.000000 0.713880
1668.000000 0.707860
1669.000000 0.705184
1670.000000 0.699690
1671.000000 0.694421
1672.000000 0.688928
1673.000000 0.685692
1674.000000 0.680283
1675.000000 0.674117
1676.000000 0.670154
1677.000000 0.666214
1678.000000 0.661643
1679.000000 0.659522
1680.000000 0.655984
1681.000000 0.650667
1682.000000 0.648136
1683.000000 0.645245
1684.000000 0.642218
1685.000000 0.639983
1686.000000 0.636477
1687.000000 0.635919
1688.000000 0.635369
1689.000000 0.633246
1690.000000 0.632234
1691.000000 0.630586
1692.000000 0.629619
1693.000000 0.628831
1694.000000 0.629963
1695.000000 0.628577
1696.000000 0.626829
1697.000000 0.627144
1698.000000 0.625989
1699.000000 0.624822
1700.000000 0.625104
1701.000000 0.626012
1702.000000 0.627190
1703.000000 0.625276
1704.000000 0.625389
1705.000000 0.625512
1706.000000 0.626844
1707.000000 0.629165
1708.000000 0.629537
1709.000000 0.629487
1710.000000 0.629673
1711.000000 0.629143
1712.000000 0.630832
1713.000000 0.630712
1714.000000 0.632330
1715.000000 0.632121
1716.000000 0.631728
1717.000000 0.631086
1718.000000 0.632105
1719.000000 0.633236
1720.000000 0.632804
1721.000000 0.632164
1722.000000 0.631528
1723.000000 0.629091
1724.000000 0.629474
1725.000000 0.630291
1726.000000 0.630758
1727.000000 0.627769
1728.000000 0.627894
1729.000000 0.627241
1730.000000 0.625401
1731.000000 0.625644
1732.000000 0.625780
1733.000000 0.625331
1734.000000 0.624207
1735.000000 0.625958
1736.000000 0.626340
1737.000000 0.626750
1738.000000 0.627911
1739.000000 0.627640
1740.000000 0.629368
1741.000000 0.631875
1742.000000 0.632591
1743.000000 0.634571
1744.000000 0.636797
1745.000000 0.636291
1746.000000 0.639184
1747.000000 0.637213
1748.000000 0.638230
1749.000000 0.637870
1750.000000 0.634775
1751.000000 0.635774
1752.000000 0.630559
1753.000000 0.628989
1754.000000 0.626535
1755.000000 0.621579
1756.000000 0.620860
1757.000000 0.615312
1758.000000 0.613424
1759.000000 0.610386
1760.000000 0.612252
1761.000000 0.608027
1762.000000 0.606372
1763.000000 0.604636
1764.000000 0.603583
1765.000000 0.603026
1766.000000 0.599299
1767.000000 0.597016
1768.000000 0.598062
1769.000000 0.597308
1770.000000 0.598599
1771.000000 0.594682
1772.000000 0.594658
1773.000000 0.592598
1774.000000 0.593478
1775.000000 0.592934
1776.000000 0.592024
1777.000000 0.592767
1778.000000 0.592795
1779.000000 0.594689
1780.000000 0.591581
1781.000000 0.593346
1782.000000 0.595451
1783.000000 0.596175
1784.000000 0.598027
1785.000000 0.597042
1786.000000 0.597348
1787.000000 0.599269
1788.000000 0.593674
1789.000000 0.592646
1790.000000 0.592488
1791.000000 0.589197
1792.000000 0.586763
1793.000000 0.584522
1794.000000 0.582979
1795.000000 0.581283
1796.000000 0.579775
1797.000000 0.577692
1798.000000 0.578278
1799.000000 0.577229
1800.000000 0.574527
1801.000000 0.572566
1802.000000 0.573867
1803.000000 0.575691
1804.000000 0.576952
1805.000000 0.575879
1806.000000 0.576474
1807.000000 0.575639
1808.000000 0.574651
1809.000000 0.577730
1810.000000 0.576298
1811.000000 0.574873
1812.000000 0.577297
1813.000000 0.578313
1814.000000 0.577276
1815.000000 0.577307
1816.000000 0.576794
1817.000000 0.574900
1818.000000 0.573729
1819.000000 0.574869
1820.000000 0.573623
1821.000000 0.571985
1822.000000 0.570454
1823.000000 0.571935
1824.000000 0.570446
1825.000000 0.567721
1826.000000 0.567995
1827.000000 0.566243
1828.000000 0.565392
1829.000000 0.565302
1830.000000 0.563928
1831.000000 0.563490
1832.000000 0.566531
1833.000000 0.566921
1834.000000 0.569368
1835.000000 0.569336
1836.000000 0.570876
1837.000000 0.572660
1838.000000 0.569720
1839.000000 0.572963
1840.000000 0.572345
1841.000000 0.576477
1842.000000 0.579686
1843.000000 0.581380
1844.000000 0.581994
1845.000000 0.582011
1846.000000 0.585380
1847.000000 0.588810
1848.000000 0.591030
1849.000000 0.594200
1850.000000 0.598176
1851.000000 0.597938
1852.000000 0.604384
1853.000000 0.605686
1854.000000 0.606362
1855.000000 0.606697
1856.000000 0.609379
1857.000000 0.610468
1858.000000 0.611494
1859.000000 0.613335
1860.000000 0.612118
1861.000000 0.614735
1862.000000 0.610583
1863.000000 0.614974
1864.000000 0.610942
1865.000000 0.611547
1866.000000 0.610490
1867.000000 0.608250
1868.000000 0.608695
1869.000000 0.608524
1870.000000 0.608262
1871.000000 0.607051
1872.000000 0.609696
1873.000000 0.607476
1874.000000 0.609905
1875.000000 0.611046
1876.000000 0.614903
1877.000000 0.616310
1878.000000 0.620569
1879.000000 0.621235
1880.000000 0.625787
1881.000000 0.634997
1882.000000 0.636045
1883.000000 0.644658
1884.000000 0.650597
1885.000000 0.655234
1886.000000 0.663800
1887.000000 0.670596
1888.000000 0.678704
1889.000000 0.686423
1890.000000 0.694359
1891.000000 0.700969
1892.000000 0.707043
1893.000000 0.712503
1894.000000 0.717456
1895.000000 0.721541
1896.000000 0.726269
1897.000000 0.729339
1898.000000 0.734478
1899.000000 0.737937
1900.000000 0.744894
1901.000000 0.751467
1902.000000 0.760377
1903.000000 0.771164
1904.000000 0.780556
1905.000000 0.788874
1906.000000 0.797443
1907.000000 0.799182
1908.000000 0.795853
1909.000000 0.788064
1910.000000 0.778497
1911.000000 0.765809
1912.000000 0.753223
1913.000000 0.741157
1914.000000 0.729962
1915.000000 0.715319
1916.000000 0.702914
1917.000000 0.691977
1918.000000 0.681066
1919.000000 0.669933
1920.000000 0.658930
1921.000000 0.650835
1922.000000 0.641928
1923.000000 0.632671
1924.000000 0.624470
1925.000000 0.616892
1926.000000 0.610791
1927.000000 0.603047
1928.000000 0.597846
1929.000000 0.592035
1930.000000 0.585769
1931.000000 0.580099
1932.000000 0.574865
1933.000000 0.568283
1934.000000 0.565046
1935.000000 0.558674
1936.000000 0.555486
1937.000000 0.551644
1938.000000 0.546194
1939.000000 0.543804
1940.000000 0.542325
1941.000000 0.537712
1942.000000 0.536308
1943.000000 0.530953
1944.000000 0.531602
1945.000000 0.528205
1946.000000 0.527424
1947.000000 0.522299
1948.000000 0.521587
1949.000000 0.519533
1950.000000 0.518233
1951.000000 0.517757
1952.000000 0.515658
1953.000000 0.512655
1954.000000 0.511264
1955.000000 0.509329
1956.000000 0.508651
1957.000000 0.506274
1958.000000 0.505750
1959.000000 0.503152
1960.000000 0.500899
1961.000000 0.497469
1962.000000 0.496719
1963.000000 0.492915
1964.000000 0.494564
1965.000000 0.491387
1966.000000 0.491915
1967.000000 0.490216
1968.000000 0.489592
1969.000000 0.486022
1970.000000 0.485750
1971.000000 0.486339
1972.000000 0.483885
1973.000000 0.483399
1974.000000 0.483867
1975.000000 0.481227
1976.000000 0.480812
1977.000000 0.479825
1978.000000 0.480685
1979.000000 0.478693
1980.000000 0.478876
1981.000000 0.479547
1982.000000 0.477325
1983.000000 0.478095
1984.000000 0.477910
1985.000000 0.478579
1986.000000 0.478488
1987.000000 0.476746
1988.000000 0.478859
1989.000000 0.477335
1990.000000 0.477559
1991.000000 0.477782
1992.000000 0.476701
1993.000000 0.479077
1994.000000 0.476862
1995.000000 0.476261
1996.000000 0.474998
1997.000000 0.476914
1998.000000 0.475324
1999.000000 0.474956
2000.000000 0.476512
2001.000000 0.472796
2002.000000 0.472700
2003.000000 0.473945
2004.000000 0.472207
2005.000000 0.471801
2006.000000 0.470325
2007.000000 0.470861
2008.000000 0.467591
2009.000000 0.468379
2010.000000 0.469520
2011.000000 0.468443
2012.000000 0.466457
2013.000000 0.464997
2014.000000 0.466374
2015.000000 0.465853
2016.000000 0.465406
2017.000000 0.464074
2018.000000 0.465786
2019.000000 0.462615
2020.000000 0.464228
2021.000000 0.462813
2022.000000 0.461593
2023.000000 0.461456
2024.000000 0.462427
2025.000000 0.460067
2026.000000 0.459502
2027.000000 0.456988
2028.000000 0.458970
2029.000000 0.458705
2030.000000 0.460146
2031.000000 0.459151
2032.000000 0.458380
2033.000000 0.457180
2034.000000 0.457862
2035.000000 0.458549
2036.000000 0.458534
2037.000000 0.457122
2038.000000 0.455883
2039.000000 0.457735
2040.000000 0.457587
2041.000000 0.456676
2042.000000 0.456509
2043.000000 0.457137
2044.000000 0.458260
2045.000000 0.457750
2046.000000 0.457591
2047.000000 0.457446
2048.000000 0.454987
2049.000000 0.457699
2050.000000 0.456758
2051.000000 0.458407
2052.000000 0.460321
2053.000000 0.460792
2054.000000 0.461361
2055.000000 0.462414
2056.000000 0.462934
2057.000000 0.463942
2058.000000 0.465753
2059.000000 0.467770
2060.000000 0.465699
2061.000000 0.469192
2062.000000 0.469329
2063.000000 0.469881
2064.000000 0.469891
2065.000000 0.470991
2066.000000 0.470508
2067.000000 0.472304
2068.000000 0.470646
2069.000000 0.472146
2070.000000 0.472543
2071.000000 0.470945
2072.000000 0.470246
2073.000000 0.470330
2074.000000 0.467063
2075.000000 0.469357
2076.000000 0.469752
2077.000000 0.468013
2078.000000 0.469247
2079.000000 0.465356
2080.000000 0.466806
2081.000000 0.465863
2082.000000 0.464895
2083.000000 0.463840
2084.000000 0.462684
2085.000000 0.463144
2086.000000 0.461730
2087.000000 0.461339
2088.000000 0.460722
2089.000000 0.458462
2090.000000 0.458997
2091.000000 0.457099
2092.000000 0.456977
2093.000000 0.455813
2094.000000 0.454820
2095.000000 0.455523
2096.000000 0.451795
2097.000000 0.451597
2098.000000 0.450943
2099.000000 0.452322
2100.000000 0.450814
2101.000000 0.447428
2102.000000 0.448325
2103.000000 0.446142
2104.000000 0.446943
2105.000000 0.446202
2106.000000 0.443684
2107.000000 0.445811
2108.000000 0.443813
2109.000000 0.443068
2110.000000 0.441776
2111.000000 0.440780
2112.000000 0.440862
2113.000000 0.439145
2114.000000 0.436534
2115.000000 0.436037
2116.000000 0.436432
2117.000000 0.433944
2118.000000 0.433624
2119.000000 0.430821
2120.000000 0.433563
2121.000000 0.429766
2122.000000 0.428194
2123.000000 0.428225
2124.000000 0.428442
2125.000000 0.427665
2126.000000 0.427148
2127.000000 0.425653
2128.000000 0.425068
2129.000000 0.425526
2130.000000 0.424041
2131.000000 0.423049
2132.000000 0.423057
2133.000000 0.424264
2134.000000 0.424379
2135.000000 0.421067
2136.000000 0.422734
2137.000000 0.421997
2138.000000 0.421227
2139.000000 0.422832
2140.000000 0.421782
2141.000000 0.422010
2142.000000 0.420924
2143.000000 0.420313
2144.000000 0.420927
2145.000000 0.417158
2146.000000 0.416346
2147.000000 0.417953
2148.000000 0.416808
2149.000000 0.416363
2150.000000 0.413207
2151.000000 0.412794
2152.000000 0.410845
2153.000000 0.411240
2154.000000 0.411146
2155.000000 0.409094
2156.000000 0.408587
2157.000000 0.408072
2158.000000 0.407680
2159.000000 0.409290
2160.000000 0.408439
2161.000000 0.410480
2162.000000 0.408729
2163.000000 0.408706
2164.000000 0.408873
2165.000000 0.408996
2166.000000 0.408743
2167.000000 0.409456
2168.000000 0.409368
2169.000000 0.408958
2170.000000 0.407145
2171.000000 0.407416
2172.000000 0.407282
2173.000000 0.406639
2174.000000 0.409215
2175.000000 0.407717
2176.000000 0.406357
2177.000000 0.407376
2178.000000 0.405582
2179.000000 0.404411
2180.000000 0.404417
2181.000000 0.402557
2182.000000 0.405000
2183.000000 0.402557
2184.000000 0.404065
2185.000000 0.400966
2186.000000 0.400784
2187.000000 0.400092
2188.000000 0.400072
2189.000000 0.400147
2190.000000 0.398057
2191.000000 0.397748
2192.000000 0.396632
2193.000000 0.395989
2194.000000 0.395407
2195.000000 0.396041
2196.000000 0.392801
2197.000000 0.393732
2198.000000 0.392801
2199.000000 0.391923
2200.000000 0.392182
2201.000000 0.393936
2202.000000 0.391286
2203.000000 0.392803
2204.000000 0.392636
2205.000000 0.392256
2206.000000 0.391587
2207.000000 0.390803
2208.000000 0.392640
2209.000000 0.393372
2210.000000 0.394222
2211.000000 0.392595
2212.000000 0.392917
2213.000000 0.390860
2214.000000 0.394513
2215.000000 0.391919
2216.000000 0.392108
2217.000000 0.393340
2218.000000 0.393377
2219.000000 0.393465
2220.000000 0.394155
2221.000000 0.394452
2222.000000 0.392966
2223.000000 0.393707
2224.000000 0.394231
2225.000000 0.393806
2226.000000 0.390502
2227.000000 0.389084
2228.000000 0.390949
2229.000000 0.389952
2230.000000 0.388052
2231.000000 0.390145
2232.000000 0.389813
2233.000000 0.387719
2234.000000 0.386951
2235.000000 0.387265
2236.000000 0.384902
2237.000000 0.384729
2238.000000 0.385610
2239.000000 0.385145
2240.000000 0.386029
2241.000000 0.385103
2242.000000 0.383999
2243.000000 0.383328
2244.000000 0.382661
2245.000000 0.382945
2246.000000 0.383550
2247.000000 0.385311
2248.000000 0.386520
2249.000000 0.384839
2250.000000 0.384855
2251.000000 0.385672
2252.000000 0.387535
2253.000000 0.384197
2254.000000 0.387489
2255.000000 0.386957
2256.000000 0.385453
2257.000000 0.385460
2258.000000 0.387863
2259.000000 0.386122
2260.000000 0.386816
2261.000000 0.388128
2262.000000 0.390205
2263.000000 0.389511
2264.000000 0.389790
2265.000000 0.387636
2266.000000 0.388610
2267.000000 0.390513
2268.000000 0.390879
2269.000000 0.390266
2270.000000 0.390284
2271.000000 0.389475
2272.000000 0.390536
2273.000000 0.392326
2274.000000 0.390080
2275.000000 0.392110
2276.000000 0.397529
2277.000000 0.394670
2278.000000 0.394696
2279.000000 0.396640
2280.000000 0.395438
2281.000000 0.396549
2282.000000 0.397326
2283.000000 0.397104
2284.000000 0.396929
2285.000000 0.396846
2286.000000 0.396339
2287.000000 0.398564
2288.000000 0.399977
2289.000000 0.398450
2290.000000 0.400346
2291.000000 0.400463
2292.000000 0.399618
2293.000000 0.400789
2294.000000 0.400328
2295.000000 0.400390
2296.000000 0.401987
2297.000000 0.402742
2298.000000 0.403423
2299.000000 0.404333
2300.000000 0.405911
2301.000000 0.404597
2302.000000 0.406552
2303.000000 0.406094
2304.000000 0.403414
2305.000000 0.405784
2306.000000 0.406843
2307.000000 0.405911
2308.000000 0.406867
2309.000000 0.408465
2310.000000 0.404550
2311.000000 0.407162
2312.000000 0.404595
2313.000000 0.405247
2314.000000 0.406911
2315.000000 0.406666
2316.000000 0.409760
2317.000000 0.408882
2318.000000 0.409651
2319.000000 0.413398
2320.000000 0.410514
2321.000000 0.410649
2322.000000 0.413093
2323.000000 0.412775
2324.000000 0.413545
2325.000000 0.413907
2326.000000 0.414552
2327.000000 0.414749
2328.000000 0.413455
2329.000000 0.413022
2330.000000 0.413888
2331.000000 0.412713
2332.000000 0.410157
2333.000000 0.411234
2334.000000 0.409680
2335.000000 0.406979
2336.000000 0.406305
2337.000000 0.405885
2338.000000 0.406048
2339.000000 0.405250
2340.000000 0.402700
2341.000000 0.402062
2342.000000 0.400337
2343.000000 0.401184
2344.000000 0.400410
2345.000000 0.397876
2346.000000 0.399994
2347.000000 0.400207
2348.000000 0.397952
2349.000000 0.397106
2350.000000 0.395473
2351.000000 0.396802
2352.000000 0.394863
2353.000000 0.394512
2354.000000 0.395822
2355.000000 0.394993
2356.000000 0.395066
2357.000000 0.394553
2358.000000 0.394475
2359.000000 0.393390
2360.000000 0.391691
2361.000000 0.391686
2362.000000 0.391454
2363.000000 0.391173
2364.000000 0.390716
2365.000000 0.392383
2366.000000 0.388409
2367.000000 0.391674
2368.000000 0.388420
2369.000000 0.388976
2370.000000 0.390030
2371.000000 0.389683
2372.000000 0.387226
2373.000000 0.386592
2374.000000 0.385096
2375.000000 0.384081
2376.000000 0.386945
2377.000000 0.390340
2378.000000 0.387474
2379.000000 0.387744
2380.000000 0.387823
2381.000000 0.387004
2382.000000 0.387044
2383.000000 0.384825
2384.000000 0.386015
2385.000000 0.386196
2386.000000 0.387085
2387.000000 0.386999
2388.000000 0.388166
2389.000000 0.387903
2390.000000 0.387220
2391.000000 0.388218
2392.000000 0.387274
2393.000000 0.387050
2394.000000 0.386716
2395.000000 0.388134
2396.000000 0.388074
2397.000000 0.385766
2398.000000 0.387218
2399.000000 0.391785
2400.000000 0.387360
2401.000000 0.389560
2402.000000 0.386026
2403.000000 0.386433
2404.000000 0.387286
2405.000000 0.387636
2406.000000 0.388205
2407.000000 0.390436
2408.000000 0.391191
2409.000000 0.390248
2410.000000 0.392722
2411.000000 0.392607
2412.000000 0.388515
2413.000000 0.393111
2414.000000 0.393147
2415.000000 0.394713
2416.000000 0.395931
2417.000000 0.398772
2418.000000 0.397789
2419.000000 0.399477
2420.000000 0.404886
2421.000000 0.400750
2422.000000 0.403614
2423.000000 0.398168
2424.000000 0.399614
2425.000000 0.398022
2426.000000 0.398000
2427.000000 0.397619
2428.000000 0.398548
2429.000000 0.396045
2430.000000 0.396329
2431.000000 0.396928
2432.000000 0.392934
2433.000000 0.392708
2434.000000 0.394136
2435.000000 0.395178
2436.000000 0.391787
2437.000000 0.392763
2438.000000 0.390388
2439.000000 0.394155
2440.000000 0.393177
2441.000000 0.391032
2442.000000 0.387441
2443.000000 0.390668
2444.000000 0.388993
2445.000000 0.388775
2446.000000 0.385600
2447.000000 0.386009
2448.000000 0.383793
2449.000000 0.386672
2450.000000 0.386566
2451.000000 0.386926
2452.000000 0.385085
2453.000000 0.382992
2454.000000 0.384825
2455.000000 0.384354
2456.000000 0.384886
2457.000000 0.383135
2458.000000 0.382109
2459.000000 0.382803
2460.000000 0.385170
2461.000000 0.384726
2462.000000 0.385348
2463.000000 0.385151
2464.000000 0.386035
2465.000000 0.385163
2466.000000 0.386477
2467.000000 0.385100
2468.000000 0.384882
2469.000000 0.386452
2470.000000 0.387640
2471.000000 0.385181
2472.000000 0.384418
2473.000000 0.384274
2474.000000 0.383069
2475.000000 0.383526
2476.000000 0.384349
2477.000000 0.383534
2478.000000 0.383691
2479.000000 0.380921
2480.000000 0.384057
2481.000000 0.383347
2482.000000 0.385133
2483.000000 0.380678
2484.000000 0.381510
2485.000000 0.381267
2486.000000 0.381017
2487.000000 0.380145
2488.000000 0.380244
2489.000000 0.382138
2490.000000 0.381604
2491.000000 0.381710
2492.000000 0.380512
2493.000000 0.382309
2494.000000 0.382399
2495.000000 0.376954
2496.000000 0.377737
2497.000000 0.377987
2498.000000 0.377130
2499.000000 0.377492
2500.000000 0.377461
2501.000000 0.377476
2502.000000 0.376498
2503.000000 0.379073
2504.000000 0.378101
2505.000000 0.378603
2506.000000 0.376569
2507.000000 0.377014
2508.000000 0.377529
2509.000000 0.378091
2510.000000 0.376908
2511.000000 0.374742
2512.000000 0.373570
2513.000000 0.376658
2514.000000 0.372048
2515.000000 0.375376
2516.000000 0.373339
2517.000000 0.374099
2518.000000 0.372399
2519.000000 0.372331
2520.000000 0.371320
2521.000000 0.369058
2522.000000 0.370092
2523.000000 0.370909
2524.000000 0.372278
2525.000000 0.373575
2526.000000 0.368666
2527.000000 0.369745
2528.000000 0.369087
2529.000000 0.370307
2530.000000 0.369240
2531.000000 0.370190
2532.000000 0.367175
2533.000000 0.370303
2534.000000 0.368531
2535.000000 0.372374
2536.000000 0.369593
2537.000000 0.368531
2538.000000 0.367200
2539.000000 0.369815
2540.000000 0.369035
2541.000000 0.369022
2542.000000 0.365142
2543.000000 0.365792
2544.000000 0.364628
2545.000000 0.367505
2546.000000 0.364411
2547.000000 0.366750
2548.000000 0.367151
2549.000000 0.364871
2550.000000 0.362357
2551.000000 0.363696
2552.000000 0.362824
2553.000000 0.364820
2554.000000 0.358934
2555.000000 0.359455
2556.000000 0.360144
2557.000000 0.358092
2558.000000 0.358668
2559.000000 0.359662
2560.000000 0.359063
2561.000000 0.359215
2562.000000 0.362607
2563.000000 0.360506
2564.000000 0.357053
2565.000000 0.356896
2566.000000 0.357654
2567.000000 0.355562
2568.000000 0.356813
2569.000000 0.354996
2570.000000 0.353104
2571.000000 0.355556
2572.000000 0.355617
2573.000000 0.354460
2574.000000 0.354770
2575.000000 0.354912
2576.000000 0.352210
2577.000000 0.352804
2578.000000 0.352195
2579.000000 0.355126
2580.000000 0.350665
2581.000000 0.351411
2582.000000 0.350502
2583.000000 0.349936
2584.000000 0.349754
2585.000000 0.350299
2586.000000 0.349159
2587.000000 0.349596
2588.000000 0.347839
2589.000000 0.346426
2590.000000 0.350367
2591.000000 0.347911
2592.000000 0.347900
2593.000000 0.350149
2594.000000 0.347902
2595.000000 0.346921
2596.000000 0.346415
2597.000000 0.346052
2598.000000 0.347625
2599.000000 0.346352
2600.000000 0.345032
2601.000000 0.346719
2602.000000 0.342997
2603.000000 0.343657
2604.000000 0.346779
2605.000000 0.343827
2606.000000 0.344075
2607.000000 0.344531
2608.000000 0.345820
2609.000000 0.345387
2610.000000 0.346887
2611.000000 0.344478
2612.000000 0.345908
2613.000000 0.342313
2614.000000 0.344110
2615.000000 0.345205
2616.000000 0.344353
2617.000000 0.344719
2618.000000 0.345418
2619.000000 0.344223
2620.000000 0.346825
2621.000000 0.345241
2622.000000 0.345134
2623.000000 0.345125
2624.000000 0.343571
2625.000000 0.343149
2626.000000 0.340818
2627.000000 0.343029
2628.000000 0.344089
2629.000000 0.340932
2630.000000 0.340461
2631.000000 0.337048
2632.000000 0.335919
2633.000000 0.339450
2634.000000 0.337750
2635.000000 0.341006
2636.000000 0.336811
2637.000000 0.335013
2638.000000 0.333153
2639.000000 0.331601
2640.000000 0.333584
2641.000000 0.330396
2642.000000 0.331615
2643.000000 0.328664
2644.000000 0.327533
2645.000000 0.326515
2646.000000 0.325982
2647.000000 0.324222
2648.000000 0.324152
2649.000000 0.325598
2650.000000 0.322766
2651.000000 0.322667
2652.000000 0.324863
2653.000000 0.324088
2654.000000 0.323704
2655.000000 0.324138
2656.000000 0.321651
2657.000000 0.322020
2658.000000 0.323507
2659.000000 0.322659
2660.000000 0.321895
2661.000000 0.322870
2662.000000 0.323168
2663.000000 0.322036
2664.000000 0.323433
2665.000000 0.324517
2666.000000 0.323855
2667.000000 0.326252
2668.000000 0.323012
2669.000000 0.326230
2670.000000 0.324966
2671.000000 0.325448
2672.000000 0.326341
2673.000000 0.323335
2674.000000 0.324681
2675.000000 0.324717
2676.000000 0.327311
2677.000000 0.326019
2678.000000 0.323681
2679.000000 0.324069
2680.000000 0.322025
2681.000000 0.324670
2682.000000 0.322946
2683.000000 0.324908
2684.000000 0.322968
2685.000000 0.324105
2686.000000 0.325132
2687.000000 0.324896
2688.000000 0.325060
2689.000000 0.323366
2690.000000 0.321867
2691.000000 0.320925
2692.000000 0.322082
2693.000000 0.323901
2694.000000 0.323658
2695.000000 0.321739
2696.000000 0.323817
2697.000000 0.325985
2698.000000 0.323848
2699.000000 0.325516
2700.000000 0.325515
2701.000000 0.328839
2702.000000 0.330117
2703.000000 0.328682
2704.000000 0.324432
2705.000000 0.330569
2706.000000 0.329172
2707.000000 0.329660
2708.000000 0.330622
2709.000000 0.327792
2710.000000 0.329328
2711.000000 0.331485
2712.000000 0.333720
2713.000000 0.331286
2714.000000 0.332227
2715.000000 0.334515
2716.000000 0.333017
2717.000000 0.335898
2718.000000 0.333623
2719.000000 0.333685
2720.000000 0.337240
2721.000000 0.337049
2722.000000 0.341136
2723.000000 0.339681
2724.000000 0.340264
2725.000000 0.343795
2726.000000 0.339600
2727.000000 0.340709
2728.000000 0.340704
2729.000000 0.339532
2730.000000 0.339436
2731.000000 0.344313
2732.000000 0.346347
2733.000000 0.344561
2734.000000 0.346084
2735.000000 0.343403
2736.000000 0.350745
2737.000000 0.348035
2738.000000 0.347792
2739.000000 0.348113
2740.000000 0.344070
2741.000000 0.348119
2742.000000 0.348353
2743.000000 0.348067
2744.000000 0.350229
2745.000000 0.349851
2746.000000 0.350345
2747.000000 0.350146
2748.000000 0.350869
2749.000000 0.352865
2750.000000 0.353150
2751.000000 0.354141
2752.000000 0.353503
2753.000000 0.354948
2754.000000 0.355315
2755.000000 0.355218
2756.000000 0.360553
2757.000000 0.356533
2758.000000 0.358281
2759.000000 0.355181
2760.000000 0.356425
2761.000000 0.355828
2762.000000 0.358755
2763.000000 0.359963
2764.000000 0.359109
2765.000000 0.363229
2766.000000 0.362071
2767.000000 0.361682
2768.000000 0.364813
2769.000000 0.363348
2770.000000 0.371701
2771.000000 0.366946
2772.000000 0.373782
2773.000000 0.373526
2774.000000 0.379198
2775.000000 0.377975
2776.000000 0.384541
2777.000000 0.386439
2778.000000 0.387687
2779.000000 0.394053
2780.000000 0.396214
2781.000000 0.401011
2782.000000 0.404945
2783.000000 0.407241
2784.000000 0.415442
2785.000000 0.419889
2786.000000 0.426387
2787.000000 0.430670
2788.000000 0.438461
2789.000000 0.441006
2790.000000 0.451083
2791.000000 0.456860
2792.000000 0.469105
2793.000000 0.476044
2794.000000 0.477224
2795.000000 0.481705
2796.000000 0.484271
2797.000000 0.494461
2798.000000 0.495736
2799.000000 0.499750
2800.000000 0.496344
2801.000000 0.493230
2802.000000 0.493549
2803.000000 0.489455
2804.000000 0.488988
2805.000000 0.485894
2806.000000 0.480497
2807.000000 0.473028
2808.000000 0.468242
2809.000000 0.456837
2810.000000 0.455751
2811.000000 0.449443
2812.000000 0.441855
2813.000000 0.434761
2814.000000 0.424658
2815.000000 0.424097
2816.000000 0.415910
2817.000000 0.412140
2818.000000 0.405786
2819.000000 0.401053
2820.000000 0.392887
2821.000000 0.390705
2822.000000 0.387388
2823.000000 0.385555
2824.000000 0.380398
2825.000000 0.377433
2826.000000 0.375453
2827.000000 0.370553
2828.000000 0.372568
2829.000000 0.363557
2830.000000 0.368377
2831.000000 0.360883
2832.000000 0.361387
2833.000000 0.354662
2834.000000 0.355300
2835.000000 0.356184
2836.000000 0.353918
2837.000000 0.350829
2838.000000 0.349807
2839.000000 0.350993
2840.000000 0.348331
2841.000000 0.347368
2842.000000 0.345203
2843.000000 0.344077
2844.000000 0.341239
2845.000000 0.341605
2846.000000 0.336624
2847.000000 0.339144
2848.000000 0.338712
2849.000000 0.336969
2850.000000 0.334462
2851.000000 0.336196
2852.000000 0.333607
2853.000000 0.331595
2854.000000 0.333034
2855.000000 0.328352
2856.000000 0.329463
2857.000000 0.326535
2858.000000 0.324458
2859.000000 0.326290
2860.000000 0.322703
2861.000000 0.323415
2862.000000 0.321283
2863.000000 0.318356
2864.000000 0.319854
2865.000000 0.316184
2866.000000 0.318026
2867.000000 0.315062
2868.000000 0.317810
2869.000000 0.318565
2870.000000 0.320888
2871.000000 0.311734
2872.000000 0.313731
2873.000000 0.312414
2874.000000 0.320333
2875.000000 0.311723
2876.000000 0.318539
2877.000000 0.305616
2878.000000 0.308751
2879.000000 0.309935
2880.000000 0.313019
2881.000000 0.311439
2882.000000 0.312054
2883.000000 0.305136
2884.000000 0.312092
2885.000000 0.305303
2886.000000 0.309206
2887.000000 0.302207
2888.000000 0.305053
2889.000000 0.304214
2890.000000 0.304477
2891.000000 0.300198
2892.000000 0.302788
2893.000000 0.305389
2894.000000 0.302657
2895.000000 0.300112
2896.000000 0.296617
2897.000000 0.297836
2898.000000 0.300342
2899.000000 0.297701
2900.000000 0.299734
2901.000000 0.295190
2902.000000 0.293636
2903.000000 0.293257
2904.000000 0.296490
2905.000000 0.293177
2906.000000 0.296683
2907.000000 0.293987
2908.000000 0.297844
2909.000000 0.292172
2910.000000 0.297847
2911.000000 0.292056
2912.000000 0.293725
2913.000000 0.291045
2914.000000 0.292963
2915.000000 0.286921
2916.000000 0.295883
2917.000000 0.289145
2918.000000 0.297309
2919.000000 0.293372
2920.000000 0.295944
2921.000000 0.301011
2922.000000 0.297416
2923.000000 0.295172
2924.000000 0.296691
2925.000000 0.300620
2926.000000 0.297094
2927.000000 0.297128
2928.000000 0.302368
2929.000000 0.297237
2930.000000 0.302873
2931.000000 0.298723
2932.000000 0.300373
2933.000000 0.297801
2934.000000 0.297674
2935.000000 0.303739
2936.000000 0.297175
2937.000000 0.302316
2938.000000 0.299333
2939.000000 0.303081
2940.000000 0.297804
2941.000000 0.301503
2942.000000 0.295810
2943.000000 0.303684
2944.000000 0.297936
2945.000000 0.298914
2946.000000 0.295910
2947.000000 0.302999
2948.000000 0.299114
2949.000000 0.302852
2950.000000 0.295998
2951.000000 0.301480
2952.000000 0.302118
2953.000000 0.298842
2954.000000 0.298398
2955.000000 0.292946
2956.000000 0.294593
2957.000000 0.292530
2958.000000 0.296210
2959.000000 0.292769
2960.000000 0.297890
2961.000000 0.291874
2962.000000 0.293618
2963.000000 0.290556
2964.000000 0.297438
2965.000000 0.297100
2966.000000 0.296791
2967.000000 0.292887
2968.000000 0.290752
2969.000000 0.288382
2970.000000 0.291617
2971.000000 0.293219
2972.000000 0.289411
2973.000000 0.291757
2974.000000 0.284656
2975.000000 0.291161
2976.000000 0.289804
2977.000000 0.288410
2978.000000 0.286089
2979.000000 0.292463
2980.000000 0.289329
2981.000000 0.288833
2982.000000 0.293077
2983.000000 0.290605
2984.000000 0.289160
2985.000000 0.284952
2986.000000 0.285909
2987.000000 0.280467
2988.000000 0.284965
2989.000000 0.278657
2990.000000 0.283169
2991.000000 0.285445
2992.000000 0.279875
2993.000000 0.278426
2994.000000 0.277181
2995.000000 0.278015
2996.000000 0.273132
2997.000000 0.279991
2998.000000 0.273535
2999.000000 0.279427
3000.000000 0.277112
3001.000000 0.270558
3002.000000 0.271197
3003.000000 0.275277
3004.000000 0.273055
3005.000000 0.270863
3006.000000 0.273970
3007.000000 0.269730
3008.000000 0.271134
3009.000000 0.265439
3010.000000 0.259133
3011.000000 0.267457
3012.000000 0.269544
3013.000000 0.265884
3014.000000 0.263560
3015.000000 0.264918
3016.000000 0.257895
3017.000000 0.260413
3018.000000 0.263375
3019.000000 0.264548
3020.000000 0.261541
3021.000000 0.258714
3022.000000 0.252875
3023.000000 0.251608
3024.000000 0.262519
3025.000000 0.263132
3026.000000 0.257808
3027.000000 0.258258
3028.000000 0.254884
3029.000000 0.257463
3030.000000 0.246244
3031.000000 0.257327
3032.000000 0.254021
3033.000000 0.256773
3034.000000 0.249679
3035.000000 0.251854
3036.000000 0.254437
3037.000000 0.254066
3038.000000 0.255046
3039.000000 0.252823
3040.000000 0.259251
3041.000000 0.259593
3042.000000 0.256252
3043.000000 0.256452
3044.000000 0.250068
3045.000000 0.260968
3046.000000 0.252887
3047.000000 0.258722
3048.000000 0.256360
3049.000000 0.247790
3050.000000 0.258625
3051.000000 0.245163
3052.000000 0.256768
3053.000000 0.256673
3054.000000 0.255468
3055.000000 0.253316
3056.000000 0.253613
3057.000000 0.252865
3058.000000 0.252821
3059.000000 0.257770
3060.000000 0.255093
3061.000000 0.250836
3062.000000 0.250595
3063.000000 0.250053
3064.000000 0.256261
3065.000000 0.256504
3066.000000 0.252370
3067.000000 0.261783
3068.000000 0.249868
3069.000000 0.258760
3070.000000 0.252687
3071.000000 0.253773
3072.000000 0.255729
3073.000000 0.260321
3074.000000 0.252827
3075.000000 0.259759
3076.000000 0.253362
3077.000000 0.247943
3078.000000 0.250921
3079.000000 0.250681
3080.000000 0.249113
3081.000000 0.261696
3082.000000 0.250851
3083.000000 0.251765
3084.000000 0.252342
3085.000000 0.249694
3086.000000 0.257518
3087.000000 0.247763
3088.000000 0.250161
3089.000000 0.251642
3090.000000 0.249188
3091.000000 0.249731
3092.000000 0.242155
3093.000000 0.254395
3094.000000 0.253904
3095.000000 0.249563
3096.000000 0.264167
3097.000000 0.252425
3098.000000 0.260236
3099.000000 0.260184
3100.000000 0.256917
3101.000000 0.248964
3102.000000 0.244701
3103.000000 0.257543
3104.000000 0.252323
3105.000000 0.252743
3106.000000 0.254413
3107.000000 0.250232
3108.000000 0.250891
3109.000000 0.261315
3110.000000 0.262444
3111.000000 0.261851
3112.000000 0.246712
3113.000000 0.248514
3114.000000 0.252558
3115.000000 0.255782
3116.000000 0.261736
3117.000000 0.252251
3118.000000 0.257180
3119.000000 0.251977
3120.000000 0.254417
3121.000000 0.265132
3122.000000 0.259367
3123.000000 0.260948
3124.000000 0.259192
3125.000000 0.251091
3126.000000 0.265383
3127.000000 0.261301
3128.000000 0.263578
3129.000000 0.274034
3130.000000 0.255057
3131.000000 0.271612
3132.000000 0.252005
3133.000000 0.256133
3134.000000 0.261285
3135.000000 0.258735
3136.000000 0.257144
3137.000000 0.251861
3138.000000 0.263775
3139.000000 0.249236
3140.000000 0.263454
3141.000000 0.263185
3142.000000 0.263222
3143.000000 0.251727
3144.000000 0.259253
3145.000000 0.261858
3146.000000 0.256707
3147.000000 0.272220
3148.000000 0.251847
3149.000000 0.250330
3150.000000 0.250590
3151.000000 0.248418
3152.000000 0.254442
3153.000000 0.245207
3154.000000 0.257395
3155.000000 0.262350
3156.000000 0.247742
3157.000000 0.259715
3158.000000 0.255978
3159.000000 0.246782
3160.000000 0.254246
3161.000000 0.258986
3162.000000 0.267854
3163.000000 0.247942
3164.000000 0.241407
3165.000000 0.253162
3166.000000 0.268901
3167.000000 0.247839
3168.000000 0.274035
3169.000000 0.272979
3170.000000 0.246321
3171.000000 0.273894
3172.000000 0.246837
3173.000000 0.262850
3174.000000 0.254806
3175.000000 0.270861
3176.000000 0.267388
3177.000000 0.241885
3178.000000 0.252721
3179.000000 0.269923
3180.000000 0.248843
3181.000000 0.253222
3182.000000 0.254956
3183.000000 0.266079
3184.000000 0.269132
3185.000000 0.262488
3186.000000 0.254964
3187.000000 0.257743
3188.000000 0.272396
3189.000000 0.281423
3190.000000 0.283203
3191.000000 0.254585
3192.000000 0.258986
3193.000000 0.238721
3194.000000 0.254707
3195.000000 0.276174
3196.000000 0.268244
3197.000000 0.272652
3198.000000 0.271070
3199.000000 0.235088
3200.000000 0.251885
3201.000000 0.284976
3202.000000 0.264280
3203.000000 0.269998
3204.000000 0.268130
3205.000000 0.231101
3206.000000 0.259733
3207.000000 0.256401
3208.000000 0.251531
3209.000000 0.265488
3210.000000 0.267697
3211.000000 0.235969
3212.000000 0.248745
3213.000000 0.290365
3214.000000 0.267241
3215.000000 0.247619
3216.000000 0.264599
3217.000000 0.264679
3218.000000 0.273606
3219.000000 0.270824
3220.000000 0.244555
3221.000000 0.279239
3222.000000 0.224815
3223.000000 0.254300
3224.000000 0.248304
3225.000000 0.268190
3226.000000 0.278974
3227.000000 0.273261
3228.000000 0.258553
3229.000000 0.244383
3230.000000 0.248775
3231.000000 0.239483
3232.000000 0.261393
3233.000000 0.244063
3234.000000 0.235566
3235.000000 0.249692
3236.000000 0.270562
3237.000000 0.240015
3238.000000 0.235291
3239.000000 0.260886
3240.000000 0.261468
3241.000000 0.263018
3242.000000 0.254246
3243.000000 0.265685
3244.000000 0.269682
3245.000000 0.218644
3246.000000 0.274478
3247.000000 0.281052
3248.000000 0.249320
3249.000000 0.230778
3250.000000 0.243670
3251.000000 0.246372
3252.000000 0.243361
3253.000000 0.252480
3254.000000 0.267078
3255.000000 0.309283
3256.000000 0.254714
3257.000000 0.281224
3258.000000 0.237242
3259.000000 0.256425
3260.000000 0.258315
3261.000000 0.260480
3262.000000 0.240764
3263.000000 0.186866
3264.000000 0.180437
3265.000000 0.261407
3266.000000 0.244726
3267.000000 0.253306
3268.000000 0.240444
3269.000000 0.304820
3270.000000 0.295201
3271.000000 0.195515
3272.000000 0.174798
3273.000000 0.284701
3274.000000 0.390261
3275.000000 0.337763
3276.000000 0.251993
3277.000000 0.185764
3278.000000 0.381517
3279.000000 0.341588
3280.000000 0.297331
3281.000000 0.187302
3282.000000 -0.055652
3283.000000 0.296913
3284.000000 0.535263
3285.000000 0.214261
3286.000000 0.245469
3287.000000 0.408757
3288.000000 0.547474
3289.000000 0.168057
3290.000000 1.035421
3291.000000 1.186395
3292.000000 2.102908
3293.000000 2.722583
3294.000000 1.830784
3295.000000 -3.010784
3296.000000 16.532053
3297.000000 2.608099
3298.000000 -0.377792
3299.000000 -9.424509
3300.000000 nan
3301.000000 nan
3302.000000 nan
3303.000000 nan
3304.000000 nan
3305.000000 nan
3306.000000 nan
3307.000000 nan
3308.000000 nan
3309.000000 nan
3310.000000 nan
3311.000000 nan
3312.000000 nan
3313.000000 nan
3314.000000 nan
3315.000000 nan
3316.000000 nan
3317.000000 nan
3318.000000 nan
3319.000000 nan
3320.000000 nan
3321.000000 nan
3322.000000 nan
3323.000000 nan
3324.000000 nan
3325.000000 nan
3326.000000 nan
3327.000000 nan
3328.000000 nan
3329.000000 nan
3330.000000 nan
3331.000000 nan
3332.000000 nan
3333.000000 nan
3334.000000 nan
3335.000000 nan
3336.000000 nan
3337.000000 nan
3338.000000 nan
3339.000000 nan
3340.000000 nan
3341.000000 nan
3342.000000 nan
3343.000000 nan
3344.000000 nan
3345.000000 nan
3346.000000 nan
3347.000000 nan
3348.000000 nan
3349.000000 nan
3350.000000 nan
3351.000000 nan
3352.000000 nan
3353.000000 nan
3354.000000 nan
3355.000000 nan
3356.000000 nan
3357.000000 nan
3358.000000 nan
3359.000000 nan
3360.000000 nan
3361.000000 nan
3362.000000 nan
3363.000000 nan
3364.000000 nan
3365.000000 nan
3366.000000 nan
3367.000000 nan
3368.000000 nan
3369.000000 nan
3370.000000 nan
3371.000000 nan
3372.000000 nan
3373.000000 nan
3374.000000 nan
3375.000000 nan
3376.000000 nan
3377.000000 nan
3378.000000 nan
3379.000000 nan
3380.000000 nan
3381.000000 nan
3382.000000 nan
3383.000000 nan
3384.000000 nan
3385.000000 nan
3386.000000 nan
3387.000000 nan
3388.000000 nan
3389.000000 nan
3390.000000 nan
3391.000000 nan
3392.000000 nan
3393.000000 nan
3394.000000 nan
3395.000000 nan
3396.000000 nan
3397.000000 nan
3398.000000 nan
3399.000000 nan
3400.000000 nan
3401.000000 nan
3402.000000 nan
3403.000000 nan
3404.000000 nan
3405.000000 nan
3406.000000 nan
3407.000000 nan
3408.000000 nan
3409.000000 nan
3410.000000 nan
3411.000000 nan
3412.000000 nan
3413.000000 nan
3414.000000 nan
3415.000000 nan
3416.000000 nan
3417.000000 nan
3418.000000 nan
3419.000000 nan
3420.000000 nan
3421.000000 nan
3422.000000 nan
3423.000000 nan
3424.000000 nan
3425.000000 nan
3426.000000 nan
3427.000000 nan
3428.000000 nan
3429.000000 nan
3430.000000 nan
3431.000000 nan
3432.000000 nan
3433.000000 nan
3434.000000 nan
3435.000000 nan
3436.000000 nan
3437.000000 nan
3438.000000 nan
3439.000000 nan
3440.000000 nan
3441.000000 nan
3442.000000 nan
3443.000000 nan
3444.000000 nan
3445.000000 nan
3446.000000 nan
3447.000000 nan
3448.000000 nan
3449.000000 nan
3450.000000 nan
3451.000000 nan
3452.000000 nan
3453.000000 nan
3454.000000 nan
3455.000000 nan
3456.000000 nan
3457.000000 nan
3458.000000 nan
3459.000000 nan
3460.000000 nan
3461.000000 nan
3462.000000 nan
3463.000000 nan
3464.000000 nan
3465.000000 nan
3466.000000 nan
3467.000000 nan
3468.000000 nan
3469.000000 nan
3470.000000 nan
3471.000000 nan
3472.000000 nan
3473.000000 nan
3474.000000 nan
3475.000000 nan
3476.000000 nan
3477.000000 nan
3478.000000 nan
3479.000000 nan
3480.000000 nan
3481.000000 nan
3482.000000 nan
3483.000000 nan
3484.000000 nan
3485.000000 nan
3486.000000 nan
3487.000000 nan
3488.000000 nan
3489.000000 nan
3490.000000 nan
3491.000000 nan
3492.000000 nan
3493.000000 nan
3494.000000 nan
3495.000000 nan
3496.000000 nan
3497.000000 nan
3498.000000 nan
3499.000000 nan
3500.000000 nan
3501.000000 nan
3502.000000 nan
3503.000000 nan
3504.000000 nan
3505.000000 nan
3506.000000 nan
3507.000000 nan
3508.000000 nan
3509.000000 nan
3510.000000 nan
3511.000000 nan
3512.000000 nan
3513.000000 nan
3514.000000 nan
3515.000000 nan
3516.000000 nan
3517.000000 nan
3518.000000 nan
3519.000000 nan
3520.000000 nan
3521.000000 nan
3522.000000 nan
3523.000000 nan
3524.000000 nan
3525.000000 nan
3526.000000 nan
3527.000000 nan
3528.000000 nan
3529.000000 nan
3530.000000 nan
3531.000000 nan
3532.000000 nan
3533.000000 nan
3534.000000 nan
3535.000000 nan
3536.000000 nan
3537.000000 nan
3538.000000 nan
3539.000000 nan
3540.000000 nan
3541.000000 nan
3542.000000 nan
3543.000000 nan
3544.000000 nan
3545.000000 nan
3546.000000 nan
3547.000000 nan
3548.000000 nan
3549.000000 nan
3550.000000 nan
3551.000000 nan
3552.000000 nan
3553.000000 nan
3554.000000 nan
3555.000000 nan
3556.000000 nan
3557.000000 nan
3558.000000 nan
3559.000000 nan
3560.000000 nan
3561.000000 nan
3562.000000 nan
3563.000000 nan
3564.000000 nan
3565.000000 nan
3566.000000 nan
3567.000000 nan
3568.000000 nan
3569.000000 nan
3570.000000 nan
3571.000000 nan
3572.000000 nan
3573.000000 nan
3574.000000 nan
3575.000000 nan
3576.000000 nan
3577.000000 nan
3578.000000 nan
3579.000000 nan
3580.000000 nan
3581.000000 nan
3582.000000 nan
3583.000000 nan
3584.000000 nan
3585.000000 nan
3586.000000 nan
3587.000000 nan
3588.000000 nan
3589.000000 nan
3590.000000 nan
3591.000000 nan
3592.000000 nan
3593.000000 nan
3594.000000 nan
3595.000000 nan
3596.000000 nan
3597.000000 nan
3598.000000 nan
3599.000000 nan
3600.000000 nan
