600.000000 0.239937
601.000000 0.542497
602.000000 0.601695
603.000000 0.071222
604.000000 0.053192
605.000000 0.415640
606.000000 -0.626752
607.000000 0.576973
608.000000 0.344459
609.000000 0.112745
610.000000 -0.402866
611.000000 -0.193971
612.000000 0.081377
613.000000 0.404038
614.000000 0.136096
615.000000 -0.153222
616.000000 -0.267365
617.000000 -0.170423
618.000000 -0.056897
619.000000 -0.028583
620.000000 -0.025518
621.000000 -0.121300
622.000000 -0.089588
623.000000 0.155437
624.000000 0.018946
625.000000 0.314439
626.000000 -0.196394
627.000000 -0.049193
628.000000 0.071377
629.000000 0.115795
630.000000 0.050366
631.000000 -0.219647
632.000000 -0.016879
633.000000 0.069061
634.000000 0.051404
635.000000 0.143792
636.000000 -0.088140
637.000000 0.132861
638.000000 -0.025809
639.000000 -0.004164
640.000000 -0.055903
641.000000 0.088724
642.000000 0.110568
643.000000 -0.064732
644.000000 -0.102587
645.000000 0.080323
646.000000 0.057318
647.000000 0.056099
648.000000 0.084018
649.000000 0.077658
650.000000 0.017311
651.000000 0.112282
652.000000 0.021314
653.000000 0.010927
654.000000 0.009927
655.000000 0.046038
656.000000 0.058848
657.000000 0.065087
658.000000 -0.009371
659.000000 -0.063859
660.000000 0.111578
661.000000 0.043629
662.000000 0.147922
663.000000 0.007184
664.000000 0.099871
665.000000 0.021263
666.000000 -0.040316
667.000000 0.080906
668.000000 0.043560
669.000000 -0.085241
670.000000 0.112556
671.000000 0.082620
672.000000 0.024659
673.000000 0.028751
674.000000 0.011122
675.000000 -0.020401
676.000000 -0.043795
677.000000 -0.091845
678.000000 0.179468
679.000000 -0.049583
680.000000 0.157118
681.000000 0.057285
682.000000 0.041042
683.000000 0.068235
684.000000 0.113128
685.000000 0.074135
686.000000 0.022429
687.000000 0.002214
688.000000 0.008681
689.000000 0.071530
690.000000 0.058129
691.000000 0.086518
692.000000 0.044417
693.000000 0.009651
694.000000 0.032290
695.000000 0.012637
696.000000 0.031553
697.000000 0.017663
698.000000 0.038101
699.000000 0.022540
700.000000 0.005704
701.000000 0.025964
702.000000 0.020804
703.000000 0.037972
704.000000 0.003959
705.000000 -0.011945
706.000000 -0.014853
707.000000 0.058076
708.000000 0.041304
709.000000 -0.012302
710.000000 -0.020359
711.000000 0.060671
712.000000 -0.010394
713.000000 0.002753
714.000000 -0.006103
715.000000 0.079710
716.000000 0.018177
717.000000 0.056935
718.000000 0.014162
719.000000 -0.001077
720.000000 0.044897
721.000000 0.012411
722.000000 0.039084
723.000000 0.050200
724.000000 0.004052
725.000000 -0.009903
726.000000 -0.005288
727.000000 0.010781
728.000000 0.042875
729.000000 -0.035376
730.000000 -0.034661
731.000000 0.027963
732.000000 -0.012448
733.000000 -0.001639
734.000000 0.018799
735.000000 0.050898
736.000000 0.000454
737.000000 0.024283
738.000000 0.028756
739.000000 0.026503
740.000000 0.031974
741.000000 0.001685
742.000000 0.007577
743.000000 0.000221
744.000000 0.016648
745.000000 0.035904
746.000000 0.013011
747.000000 0.010715
748.000000 0.013252
749.000000 0.014203
750.000000 0.034488
751.000000 -0.007914
752.000000 0.042779
753.000000 0.017294
754.000000 0.048058
755.000000 0.034820
756.000000 0.013527
757.000000 0.013177
758.000000 0.008303
759.000000 0.007565
760.000000 0.037436
761.000000 0.023185
762.000000 0.017930
763.000000 0.019062
764.000000 0.030305
765.000000 0.030426
766.000000 0.035261
767.000000 0.027540
768.000000 0.012430
769.000000 0.038078
770.000000 0.026093
771.000000 0.039547
772.000000 -0.003116
773.000000 0.032949
774.000000 0.030184
775.000000 0.028618
776.000000 0.050447
777.000000 0.021031
778.000000 0.037356
779.000000 0.039031
780.000000 0.027679
781.000000 0.042434
782.000000 0.022163
783.000000 0.042312
784.000000 0.031804
785.000000 0.013518
786.000000 0.046429
787.000000 0.032926
788.000000 0.036220
789.000000 0.014735
790.000000 0.040904
791.000000 0.038298
792.000000 0.052323
793.000000 0.025669
794.000000 0.041276
795.000000 0.051542
796.000000 0.035205
797.000000 0.048139
798.000000 0.015525
799.000000 0.046756
800.000000 0.036604
801.000000 0.029871
802.000000 0.053736
803.000000 0.030675
804.000000 0.039733
805.000000 0.038178
806.000000 0.037800
807.000000 0.031535
808.000000 0.026824
809.000000 0.033644
810.000000 0.044619
811.000000 0.047404
812.000000 0.025262
813.000000 0.038631
814.000000 0.027167
815.000000 0.047183
816.000000 0.058502
817.000000 0.024659
818.000000 0.042624
819.000000 0.044728
820.000000 0.034251
821.000000 0.022150
822.000000 0.040886
823.000000 0.036158
824.000000 0.053285
825.000000 0.055155
826.000000 0.049399
827.000000 0.044184
828.000000 0.047572
829.000000 0.041384
830.000000 0.036553
831.000000 0.040975
832.000000 0.034065
833.000000 0.055640
834.000000 0.058484
835.000000 0.056646
836.000000 0.060688
837.000000 0.047078
838.000000 0.068628
839.000000 0.069697
840.000000 0.051129
841.000000 0.067073
842.000000 0.057824
843.000000 0.076591
844.000000 0.072923
845.000000 0.077598
846.000000 0.075249
847.000000 0.081972
848.000000 0.084566
849.000000 0.087428
850.000000 0.091256
851.000000 0.100779
852.000000 0.099994
853.000000 0.103703
854.000000 0.112150
855.000000 0.127114
856.000000 0.116807
857.000000 0.146304
858.000000 0.137878
859.000000 0.151691
860.000000 0.166234
861.000000 0.158866
862.000000 0.185520
863.000000 0.189091
864.000000 0.186847
865.000000 0.218662
866.000000 0.192667
867.000000 0.179129
868.000000 0.208665
869.000000 0.235350
870.000000 0.225785
871.000000 0.206321
872.000000 0.225773
873.000000 0.233321
874.000000 0.254050
875.000000 0.272566
876.000000 0.271906
877.000000 0.283489
878.000000 0.283250
879.000000 0.292720
880.000000 0.294590
881.000000 0.308000
882.000000 0.324419
883.000000 0.319200
884.000000 0.343999
885.000000 0.356558
886.000000 0.365988
887.000000 0.367974
888.000000 0.386084
889.000000 0.386687
890.000000 0.403439
891.000000 0.413294
892.000000 0.458150
893.000000 0.461223
894.000000 0.431802
895.000000 0.447745
896.000000 0.481498
897.000000 0.499817
898.000000 0.485515
899.000000 0.523537
900.000000 0.509121
901.000000 0.538155
902.000000 0.558557
903.000000 0.565174
904.000000 0.593172
905.000000 0.549713
906.000000 0.588352
907.000000 0.618829
908.000000 0.627047
909.000000 0.612498
910.000000 0.685730
911.000000 0.690764
912.000000 0.690888
913.000000 0.717460
914.000000 0.724753
915.000000 0.747635
916.000000 0.711953
917.000000 0.757797
918.000000 0.825552
919.000000 0.813071
920.000000 0.809435
921.000000 0.858285
922.000000 0.845744
923.000000 0.858279
924.000000 0.877454
925.000000 0.901475
926.000000 0.917585
927.000000 0.920762
928.000000 0.898367
929.000000 0.973209
930.000000 0.961771
931.000000 0.956217
932.000000 0.982409
933.000000 0.992378
934.000000 0.985468
935.000000 0.989363
936.000000 1.014660
937.000000 1.021793
938.000000 1.002956
939.000000 1.006679
940.000000 1.034497
941.000000 1.066454
942.000000 1.041692
943.000000 1.045892
944.000000 1.048633
945.000000 1.069671
946.000000 1.046849
947.000000 1.067502
948.000000 1.076600
949.000000 1.042058
950.000000 1.024986
951.000000 1.037159
952.000000 1.059092
953.000000 1.046610
954.000000 1.019953
955.000000 1.028990
956.000000 1.023974
957.000000 1.039613
958.000000 1.018415
959.000000 0.983275
960.000000 1.004254
961.000000 1.006729
962.000000 1.004264
963.000000 1.023696
964.000000 1.034532
965.000000 1.045437
966.000000 1.042059
967.000000 1.085800
968.000000 1.073203
969.000000 1.102346
970.000000 1.118966
971.000000 1.176798
972.000000 1.172232
973.000000 1.181642
974.000000 1.235807
975.000000 1.276347
976.000000 1.301304
977.000000 1.309124
978.000000 1.251889
979.000000 1.256472
980.000000 1.269863
981.000000 1.278326
982.000000 1.266726
983.000000 1.279986
984.000000 1.292713
985.000000 1.305682
986.000000 1.317914
987.000000 1.354507
988.000000 1.348460
989.000000 1.347467
990.000000 1.327314
991.000000 1.292226
992.000000 1.306297
993.000000 1.303598
994.000000 1.276015
995.000000 1.245401
996.000000 1.209867
997.000000 1.217432
998.000000 1.219656
999.000000 1.214493
1000.000000 1.222493
1001.000000 1.209861
1002.000000 1.200698
1003.000000 1.167427
1004.000000 1.205066
1005.000000 1.231236
1006.000000 1.221728
1007.000000 1.234386
1008.000000 1.247602
1009.000000 1.233837
1010.000000 1.257622
1011.000000 1.257601
1012.000000 1.252550
1013.000000 1.272927
1014.000000 1.296898
1015.000000 1.308444
1016.000000 1.334097
1017.000000 1.324900
1018.000000 1.366324
1019.000000 1.383258
1020.000000 1.449045
1021.000000 1.458881
1022.000000 1.446814
1023.000000 1.515543
1024.000000 1.617052
1025.000000 1.655115
1026.000000 1.728812
1027.000000 1.770534
1028.000000 1.821146
1029.000000 1.879682
1030.000000 1.939952
1031.000000 1.967318
1032.000000 1.976039
1033.000000 1.945781
1034.000000 1.945479
1035.000000 1.965637
1036.000000 1.973872
1037.000000 1.946160
1038.000000 1.835128
1039.000000 1.736438
1040.000000 1.672895
1041.000000 1.624772
1042.000000 1.560727
1043.000000 1.528525
1044.000000 1.509735
1045.000000 1.472533
1046.000000 1.444345
1047.000000 1.424289
1048.000000 1.407054
1049.000000 1.406440
1050.000000 1.368737
1051.000000 1.383253
1052.000000 1.376614
1053.000000 1.330987
1054.000000 1.343847
1055.000000 1.357996
1056.000000 1.351384
1057.000000 1.358460
1058.000000 1.364828
1059.000000 1.374697
1060.000000 1.394720
1061.000000 1.387659
1062.000000 1.374948
1063.000000 1.378739
1064.000000 1.388754
1065.000000 1.376348
1066.000000 1.379464
1067.000000 1.365865
1068.000000 1.349244
1069.000000 1.382343
1070.000000 1.374530
1071.000000 1.382810
1072.000000 1.380545
1073.000000 1.374714
1074.000000 1.363726
1075.000000 1.338278
1076.000000 1.339134
1077.000000 1.314712
1078.000000 1.327964
1079.000000 1.321689
1080.000000 1.302135
1081.000000 1.292891
1082.000000 1.285989
1083.000000 1.284866
1084.000000 1.274401
1085.000000 1.271467
1086.000000 1.241212
1087.000000 1.245775
1088.000000 1.229503
1089.000000 1.206239
1090.000000 1.206593
1091.000000 1.202441
1092.000000 1.186915
1093.000000 1.166205
1094.000000 1.167076
1095.000000 1.163489
1096.000000 1.175481
1097.000000 1.165200
1098.000000 1.164436
1099.000000 1.156627
1100.000000 1.159372
1101.000000 1.167188
1102.000000 1.151175
1103.000000 1.150959
1104.000000 1.157388
1105.000000 1.155344
1106.000000 1.156156
1107.000000 1.149406
1108.000000 1.157897
1109.000000 1.163745
1110.000000 1.172173
1111.000000 1.184983
1112.000000 1.188577
1113.000000 1.201694
1114.000000 1.200594
1115.000000 1.203515
1116.000000 1.216654
1117.000000 1.216859
1118.000000 1.223895
1119.000000 1.216325
1120.000000 1.204271
1121.000000 1.214187
1122.000000 1.219182
1123.000000 1.218467
1124.000000 1.220782
1125.000000 1.205943
1126.000000 1.210197
1127.000000 1.200729
1128.000000 1.201085
1129.000000 1.194314
1130.000000 1.172993
1131.000000 1.164350
1132.000000 1.156337
1133.000000 1.152860
1134.000000 1.142752
1135.000000 1.140707
1136.000000 1.132808
1137.000000 1.126533
1138.000000 1.129679
1139.000000 1.144320
1140.000000 1.130620
1141.000000 1.125508
1142.000000 1.129223
1143.000000 1.125479
1144.000000 1.113610
1145.000000 1.122141
1146.000000 1.126676
1147.000000 1.120150
1148.000000 1.117680
1149.000000 1.132643
1150.000000 1.130472
1151.000000 1.129085
1152.000000 1.136215
1153.000000 1.131161
1154.000000 1.131627
1155.000000 1.142375
1156.000000 1.136963
1157.000000 1.150689
1158.000000 1.163767
1159.000000 1.156077
1160.000000 1.163952
1161.000000 1.177355
1162.000000 1.170266
1163.000000 1.178521
1164.000000 1.192527
1165.000000 1.209030
1166.000000 1.213659
1167.000000 1.225916
1168.000000 1.241867
1169.000000 1.251546
1170.000000 1.276689
1171.000000 1.287119
1172.000000 1.296998
1173.000000 1.316535
1174.000000 1.334633
1175.000000 1.333071
1176.000000 1.359384
1177.000000 1.379000
1178.000000 1.377458
1179.000000 1.355182
1180.000000 1.372252
1181.000000 1.403139
1182.000000 1.416164
1183.000000 1.422505
1184.000000 1.457038
1185.000000 1.480522
1186.000000 1.498683
1187.000000 1.526844
1188.000000 1.556346
1189.000000 1.604822
1190.000000 1.635234
1191.000000 1.684697
1192.000000 1.733807
1193.000000 1.782319
1194.000000 1.830280
1195.000000 1.884464
1196.000000 1.929984
1197.000000 1.997201
1198.000000 2.050541
1199.000000 2.104608
1200.000000 2.173846
1201.000000 2.279343
1202.000000 2.393288
1203.000000 2.519852
1204.000000 2.671079
1205.000000 2.780942
1206.000000 2.883337
1207.000000 3.043445
1208.000000 3.254889
1209.000000 3.548345
1210.000000 3.801399
1211.000000 4.122906
1212.000000 4.700508
1213.000000 5.628382
1214.000000 6.347226
1215.000000 4.828704
1216.000000 4.012346
1217.000000 3.839828
1218.000000 3.600242
1219.000000 3.360899
1220.000000 3.109065
1221.000000 2.927919
1222.000000 2.777872
1223.000000 2.637465
1224.000000 2.519014
1225.000000 2.404952
1226.000000 2.324201
1227.000000 2.239960
1228.000000 2.208105
1229.000000 2.155588
1230.000000 2.126751
1231.000000 2.102228
1232.000000 2.095530
1233.000000 2.082306
1234.000000 2.079628
1235.000000 2.088165
1236.000000 2.107675
1237.000000 2.106720
1238.000000 2.083260
1239.000000 2.064746
1240.000000 2.043057
1241.000000 2.003522
1242.000000 1.945031
1243.000000 1.875787
1244.000000 1.789196
1245.000000 1.726515
1246.000000 1.658380
1247.000000 1.596459
1248.000000 1.545620
1249.000000 1.507296
1250.000000 1.469694
1251.000000 1.436495
1252.000000 1.410657
1253.000000 1.384576
1254.000000 1.357065
1255.000000 1.336774
1256.000000 1.319093
1257.000000 1.307909
1258.000000 1.290896
1259.000000 1.272971
1260.000000 1.260768
1261.000000 1.246770
1262.000000 1.237097
1263.000000 1.226861
1264.000000 1.215810
1265.000000 1.202656
1266.000000 1.181719
1267.000000 1.161868
1268.000000 1.140776
1269.000000 1.125561
1270.000000 1.104243
1271.000000 1.089995
1272.000000 1.075466
1273.000000 1.061240
1274.000000 1.044773
1275.000000 1.033899
1276.000000 1.025289
1277.000000 1.016357
1278.000000 1.009145
1279.000000 1.002064
1280.000000 0.997475
1281.000000 0.991787
1282.000000 0.988070
1283.000000 0.986038
1284.000000 0.983775
1285.000000 0.979165
1286.000000 0.977670
1287.000000 0.973465
1288.000000 0.978660
1289.000000 0.975778
1290.000000 0.976689
1291.000000 0.982519
1292.000000 0.984943
1293.000000 0.988809
1294.000000 0.991375
1295.000000 0.993868
1296.000000 1.000276
1297.000000 1.008763
1298.000000 1.016340
1299.000000 1.020428
1300.000000 1.029835
1301.000000 1.038369
1302.000000 1.042274
1303.000000 1.051190
1304.000000 1.051355
1305.000000 1.051509
1306.000000 1.052474
1307.000000 1.046959
1308.000000 1.036273
1309.000000 1.028918
1310.000000 1.016551
1311.000000 1.005993
1312.000000 0.990725
1313.000000 0.974256
1314.000000 0.963264
1315.000000 0.951736
1316.000000 0.941067
1317.000000 0.931168
1318.000000 0.927180
1319.000000 0.923373
1320.000000 0.919591
1321.000000 0.918223
1322.000000 0.912331
1323.000000 0.912989
1324.000000 0.914044
1325.000000 0.915012
1326.000000 0.919222
1327.000000 0.920411
1328.000000 0.923023
1329.000000 0.929703
1330.000000 0.938329
1331.000000 0.944726
1332.000000 0.954352
1333.000000 0.954666
1334.000000 0.955621
1335.000000 0.958301
1336.000000 0.958141
1337.000000 0.957015
1338.000000 0.951916
1339.000000 0.945114
1340.000000 0.936162
1341.000000 0.930870
1342.000000 0.927707
1343.000000 0.920855
1344.000000 0.915196
1345.000000 0.911758
1346.000000 0.904734
1347.000000 0.902295
1348.000000 0.900544
1349.000000 0.896302
1350.000000 0.893224
1351.000000 0.890252
1352.000000 0.886373
1353.000000 0.884587
1354.000000 0.883349
1355.000000 0.885323
1356.000000 0.884348
1357.000000 0.884043
1358.000000 0.886567
1359.000000 0.884153
1360.000000 0.886245
1361.000000 0.887549
1362.000000 0.887921
1363.000000 0.889844
1364.000000 0.892660
1365.000000 0.891533
1366.000000 0.893078
1367.000000 0.892205
1368.000000 0.891951
1369.000000 0.893190
1370.000000 0.896961
1371.000000 0.897776
1372.000000 0.899266
1373.000000 0.900870
1374.000000 0.904787
1375.000000 0.904816
1376.000000 0.908608
1377.000000 0.913201
1378.000000 0.918218
1379.000000 0.928790
1380.000000 0.929778
1381.000000 0.936348
1382.000000 0.942745
1383.000000 0.951938
1384.000000 0.963938
1385.000000 0.972294
1386.000000 0.981997
1387.000000 0.994762
1388.000000 1.006653
1389.000000 1.024723
1390.000000 1.036796
1391.000000 1.050973
1392.000000 1.057122
1393.000000 1.059664
1394.000000 1.067441
1395.000000 1.067211
1396.000000 1.071989
1397.000000 1.072906
1398.000000 1.076562
1399.000000 1.079825
1400.000000 1.084361
1401.000000 1.078174
1402.000000 1.071835
1403.000000 1.057816
1404.000000 1.040649
1405.000000 1.025503
1406.000000 1.007731
1407.000000 0.992416
1408.000000 0.974472
1409.000000 0.955715
1410.000000 0.946621
1411.000000 0.935238
1412.000000 0.922720
1413.000000 0.911469
1414.000000 0.901687
1415.000000 0.893235
1416.000000 0.884153
1417.000000 0.878275
1418.000000 0.869714
1419.000000 0.864157
1420.000000 0.857415
1421.000000 0.853674
1422.000000 0.847485
1423.000000 0.843411
1424.000000 0.839712
1425.000000 0.833929
1426.000000 0.829255
1427.000000 0.825693
1428.000000 0.821895
1429.000000 0.816743
1430.000000 0.813606
1431.000000 0.812149
1432.000000 0.806856
1433.000000 0.805784
1434.000000 0.802076
1435.000000 0.800093
1436.000000 0.795584
1437.000000 0.795047
1438.000000 0.790338
1439.000000 0.788944
1440.000000 0.785544
1441.000000 0.782843
1442.000000 0.779398
1443.000000 0.779071
1444.000000 0.777182
1445.000000 0.775731
1446.000000 0.773200
1447.000000 0.773567
1448.000000 0.771957
1449.000000 0.770035
1450.000000 0.770732
1451.000000 0.772902
1452.000000 0.772864
1453.000000 0.772494
1454.000000 0.771946
1455.000000 0.771890
1456.000000 0.771533
1457.000000 0.769239
1458.000000 0.769287
1459.000000 0.766955
1460.000000 0.767135
1461.000000 0.765875
1462.000000 0.767660
1463.000000 0.765437
1464.000000 0.765021
1465.000000 0.767590
1466.000000 0.766831
1467.000000 0.766120
1468.000000 0.767217
1469.000000 0.765208
1470.000000 0.767729
1471.000000 0.769570
1472.000000 0.767316
1473.000000 0.767862
1474.000000 0.770176
1475.000000 0.771618
1476.000000 0.771464
1477.000000 0.776063
1478.000000 0.778238
1479.000000 0.780318
1480.000000 0.782282
1481.000000 0.785308
1482.000000 0.787393
1483.000000 0.788778
1484.000000 0.791599
1485.000000 0.793804
1486.000000 0.792110
1487.000000 0.792470
1488.000000 0.790177
1489.000000 0.790916
1490.000000 0.790852
1491.000000 0.790428
1492.000000 0.794969
1493.000000 0.793386
1494.000000 0.793532
1495.000000 0.795855
1496.000000 0.798715
1497.000000 0.800037
1498.000000 0.803318
1499.000000 0.806917
1500.000000 0.806574
1501.000000 0.807817
1502.000000 0.809390
1503.000000 0.810488
1504.000000 0.815085
1505.000000 0.813167
1506.000000 0.820473
1507.000000 0.823274
1508.000000 0.828918
1509.000000 0.831080
1510.000000 0.835741
1511.000000 0.840125
1512.000000 0.845258
1513.000000 0.854078
1514.000000 0.860505
1515.000000 0.865446
1516.000000 0.874409
1517.000000 0.882709
1518.000000 0.892568
1519.000000 0.904166
1520.000000 0.914491
1521.000000 0.927280
1522.000000 0.943136
1523.000000 0.959165
1524.000000 0.973273
1525.000000 0.987311
1526.000000 1.003241
1527.000000 1.020099
1528.000000 1.037202
1529.000000 1.054174
1530.000000 1.080089
1531.000000 1.100568
1532.000000 1.124088
1533.000000 1.146300
1534.000000 1.172299
1535.000000 1.194945
1536.000000 1.220934
1537.000000 1.249450
1538.000000 1.278545
1539.000000 1.315711
1540.000000 1.353961
1541.000000 1.393299
1542.000000 1.435051
1543.000000 1.477297
1544.000000 1.536560
1545.000000 1.587646
1546.000000 1.628038
1547.000000 1.648135
1548.000000 1.642878
1549.000000 1.614459
1550.000000 1.560055
1551.000000 1.501254
1552.000000 1.444989
1553.000000 1.377780
1554.000000 1.324921
1555.000000 1.278434
1556.000000 1.237591
1557.000000 1.195882
1558.000000 1.160959
1559.000000 1.128238
1560.000000 1.097626
1561.000000 1.068142
1562.000000 1.042814
1563.000000 1.018676
1564.000000 0.999820
1565.000000 0.983241
1566.000000 0.963761
1567.000000 0.949492
1568.000000 0.936603
1569.000000 0.925357
1570.000000 0.908531
1571.000000 0.897929
1572.000000 0.887971
1573.000000 0.879064
1574.000000 0.869275
1575.000000 0.858327
1576.000000 0.851627
1577.000000 0.845354
1578.000000 0.838669
1579.000000 0.830819
1580.000000 0.824820
1581.000000 0.819185
1582.000000 0.814373
1583.000000 0.809105
1584.000000 0.803891
1585.000000 0.799053
1586.000000 0.797883
1587.000000 0.791826
1588.000000 0.789834
1589.000000 0.785365
1590.000000 0.781631
1591.000000 0.780168
1592.000000 0.774923
1593.000000 0.775549
1594.000000 0.774360
1595.000000 0.771585
1596.000000 0.769589
1597.000000 0.768831
1598.000000 0.768036
1599.000000 0.768354
1600.000000 0.765718
1601.000000 0.766864
1602.000000 0.764366
1603.000000 0.765625
1604.000000 0.764404
1605.000000 0.763577
1606.000000 0.760762
1607.000000 0.760749
1608.000000 0.757991
1609.000000 0.757249
1610.000000 0.757257
1611.000000 0.756464
1612.000000 0.756178
1613.000000 0.756612
1614.000000 0.754668
1615.000000 0.755876
1616.000000 0.756632
1617.000000 0.756731
1618.000000 0.755488
1619.000000 0.755938
1620.000000 0.755468
1621.000000 0.754963
1622.000000 0.756601
1623.000000 0.756169
1624.000000 0.755833
1625.000000 0.758317
1626.000000 0.759520
1627.000000 0.758934
1628.000000 0.758635
1629.000000 0.761643
1630.000000 0.762081
1631.000000 0.764697
1632.000000 0.767906
1633.000000 0.771329
1634.000000 0.772615
1635.000000 0.779148
1636.000000 0.780575
1637.000000 0.783613
1638.000000 0.786335
1639.000000 0.784630
1640.000000 0.779431
1641.000000 0.769858
1642.000000 0.759834
1643.000000 0.749874
1644.000000 0.746291
1645.000000 0.741154
1646.000000 0.734455
1647.000000 0.729985
1648.000000 0.728939
1649.000000 0.725317
1650.000000 0.723076
1651.000000 0.723091
1652.000000 0.723204
1653.000000 0.723195
1654.000000 0.722644
1655.000000 0.721947
1656.000000 0.724769
1657.000000 0.724351
1658.000000 0.723954
1659.000000 0.723782
1660.000000 0.726869
1661.000000 0.726089
1662.000000 0.727914
1663.000000 0.724477
1664.000000 0.725060
1665.000000 0.721468
1666.000000 0.720663
1667.000000 0.714313
1668.000000 0.708314
1669.000000 0.705592
1670.000000 0.700128
1671.000000 0.694841
1672.000000 0.689369
1673.000000 0.686136
1674.000000 0.680682
1675.000000 0.674568
1676.000000 0.670578
1677.000000 0.666658
1678.000000 0.662102
1679.000000 0.659934
1680.000000 0.656427
1681.000000 0.651085
1682.000000 0.648579
1683.000000 0.645658
1684.000000 0.642660
1685.000000 0.640436
1686.000000 0.636916
1687.000000 0.636366
1688.000000 0.635819
1689.000000 0.633710
1690.000000 0.632684
1691.000000 0.631025
1692.000000 0.630055
1693.000000 0.629231
1694.000000 0.630369
1695.000000 0.628995
1696.000000 0.627271
1697.000000 0.627556
1698.000000 0.626413
1699.000000 0.625243
1700.000000 0.625488
1701.000000 0.626438
1702.000000 0.627599
1703.000000 0.625698
1704.000000 0.625806
1705.000000 0.625944
1706.000000 0.627252
1707.000000 0.629595
1708.000000 0.629953
1709.000000 0.629910
1710.000000 0.630103
1711.000000 0.629523
1712.000000 0.631235
1713.000000 0.631064
1714.000000 0.632713
1715.000000 0.632502
1716.000000 0.632124
1717.000000 0.631493
1718.000000 0.632523
1719.000000 0.633630
1720.000000 0.633200
1721.000000 0.632524
1722.000000 0.631917
1723.000000 0.629462
1724.000000 0.629886
1725.000000 0.630677
1726.000000 0.631170
1727.000000 0.628178
1728.000000 0.628278
1729.000000 0.627655
1730.000000 0.625768
1731.000000 0.626061
1732.000000 0.626160
1733.000000 0.625749
1734.000000 0.624579
1735.000000 0.626368
1736.000000 0.626700
1737.000000 0.627143
1738.000000 0.628245
1739.000000 0.628008
1740.000000 0.629706
1741.000000 0.632262
1742.000000 0.632954
1743.000000 0.634960
1744.000000 0.637160
1745.000000 0.636672
1746.000000 0.639550
1747.000000 0.637586
1748.000000 0.638592
1749.000000 0.638238
1750.000000 0.635147
1751.000000 0.636138
1752.000000 0.630954
1753.000000 0.629351
1754.000000 0.626911
1755.000000 0.621942
1756.000000 0.621220
1757.000000 0.615631
1758.000000 0.613773
1759.000000 0.610746
1760.000000 0.612634
1761.000000 0.608422
1762.000000 0.606771
1763.000000 0.605005
1764.000000 0.603957
1765.000000 0.603352
1766.000000 0.599620
1767.000000 0.597365
1768.000000 0.598407
1769.000000 0.597682
1770.000000 0.598966
1771.000000 0.595059
1772.000000 0.595018
1773.000000 0.592952
1774.000000 0.593818
1775.000000 0.593295
1776.000000 0.592399
1777.000000 0.593131
1778.000000 0.593177
1779.000000 0.595049
1780.000000 0.591971
1781.000000 0.593706
1782.000000 0.595834
1783.000000 0.596530
1784.000000 0.598410
1785.000000 0.597408
1786.000000 0.597735
1787.000000 0.599659
1788.000000 0.594014
1789.000000 0.593035
1790.000000 0.592826
1791.000000 0.589552
1792.000000 0.587124
1793.000000 0.584866
1794.000000 0.583346
1795.000000 0.581625
1796.000000 0.580145
1797.000000 0.578032
1798.000000 0.578620
1799.000000 0.577605
1800.000000 0.574878
1801.000000 0.572941
1802.000000 0.574214
1803.000000 0.576068
1804.000000 0.577314
1805.000000 0.576233
1806.000000 0.576841
1807.000000 0.575988
1808.000000 0.575020
1809.000000 0.578072
1810.000000 0.576639
1811.000000 0.575218
1812.000000 0.577648
1813.000000 0.578691
1814.000000 0.577638
1815.000000 0.577652
1816.000000 0.577166
1817.000000 0.575237
1818.000000 0.574069
1819.000000 0.575239
1820.000000 0.573973
1821.000000 0.572352
1822.000000 0.570800
1823.000000 0.572305
1824.000000 0.570820
1825.000000 0.568094
1826.000000 0.568382
1827.000000 0.566586
1828.000000 0.565741
1829.000000 0.565671
1830.000000 0.564250
1831.000000 0.563834
1832.000000 0.566854
1833.000000 0.567258
1834.000000 0.569723
1835.000000 0.569676
1836.000000 0.571216
1837.000000 0.573008
1838.000000 0.570044
1839.000000 0.573304
1840.000000 0.572692
1841.000000 0.576822
1842.000000 0.580045
1843.000000 0.581721
1844.000000 0.582339
1845.000000 0.582363
1846.000000 0.585729
1847.000000 0.589158
1848.000000 0.591405
1849.000000 0.594541
1850.000000 0.598528
1851.000000 0.598293
1852.000000 0.604713
1853.000000 0.606022
1854.000000 0.606713
1855.000000 0.607008
1856.000000 0.609692
1857.000000 0.610810
1858.000000 0.611802
1859.000000 0.613642
1860.000000 0.612456
1861.000000 0.615037
1862.000000 0.610894
1863.000000 0.615323
1864.000000 0.611259
1865.000000 0.611880
1866.000000 0.610847
1867.000000 0.608570
1868.000000 0.609027
1869.000000 0.608893
1870.000000 0.608592
1871.000000 0.607393
1872.000000 0.610071
1873.000000 0.607827
1874.000000 0.610257
1875.000000 0.611435
1876.000000 0.615249
1877.000000 0.616635
1878.000000 0.620893
1879.000000 0.621580
1880.000000 0.626107
1881.000000 0.635332
1882.000000 0.636395
1883.000000 0.645029
1884.000000 0.650949
1885.000000 0.655609
1886.000000 0.664163
1887.000000 0.670947
1888.000000 0.679042
1889.000000 0.686759
1890.000000 0.694692
1891.000000 0.701318
1892.000000 0.707394
1893.000000 0.712867
1894.000000 0.717808
1895.000000 0.721915
1896.000000 0.726609
1897.000000 0.729672
1898.000000 0.734794
1899.000000 0.738293
1900.000000 0.745254
1901.000000 0.751788
1902.000000 0.760738
1903.000000 0.771513
1904.000000 0.780902
1905.000000 0.789237
1906.000000 0.797818
1907.000000 0.799539
1908.000000 0.796186
1909.000000 0.788424
1910.000000 0.778845
1911.000000 0.766140
1912.000000 0.753558
1913.000000 0.741529
1914.000000 0.730296
1915.000000 0.715655
1916.000000 0.703266
1917.000000 0.692358
1918.000000 0.681440
1919.000000 0.670304
1920.000000 0.659302
1921.000000 0.651202
1922.000000 0.642327
1923.000000 0.633067
1924.000000 0.624882
1925.000000 0.617315
1926.000000 0.611219
1927.000000 0.603445
1928.000000 0.598283
1929.000000 0.592449
1930.000000 0.586177
1931.000000 0.580521
1932.000000 0.575296
1933.000000 0.568707
1934.000000 0.565479
1935.000000 0.559074
1936.000000 0.555912
1937.000000 0.552060
1938.000000 0.546607
1939.000000 0.544222
1940.000000 0.542758
1941.000000 0.538158
1942.000000 0.536759
1943.000000 0.531367
1944.000000 0.532030
1945.000000 0.528656
1946.000000 0.527863
1947.000000 0.522730
1948.000000 0.522049
1949.000000 0.520010
1950.000000 0.518687
1951.000000 0.518208
1952.000000 0.516106
1953.000000 0.513097
1954.000000 0.511714
1955.000000 0.509766
1956.000000 0.509097
1957.000000 0.506731
1958.000000 0.506211
1959.000000 0.503605
1960.000000 0.501371
1961.000000 0.497931
1962.000000 0.497179
1963.000000 0.493374
1964.000000 0.495008
1965.000000 0.491829
1966.000000 0.492375
1967.000000 0.490676
1968.000000 0.490081
1969.000000 0.486505
1970.000000 0.486234
1971.000000 0.486833
1972.000000 0.484381
1973.000000 0.483876
1974.000000 0.484358
1975.000000 0.481680
1976.000000 0.481290
1977.000000 0.480337
1978.000000 0.481172
1979.000000 0.479173
1980.000000 0.479366
1981.000000 0.480054
1982.000000 0.477830
1983.000000 0.478587
1984.000000 0.478387
1985.000000 0.479053
1986.000000 0.478981
1987.000000 0.477246
1988.000000 0.479378
1989.000000 0.477843
1990.000000 0.478060
1991.000000 0.478274
1992.000000 0.477211
1993.000000 0.479593
1994.000000 0.477378
1995.000000 0.476761
1996.000000 0.475491
1997.000000 0.477423
1998.000000 0.475839
1999.000000 0.475488
2000.000000 0.477025
2001.000000 0.473322
2002.000000 0.473232
2003.000000 0.474489
2004.000000 0.472749
2005.000000 0.472356
2006.000000 0.470861
2007.000000 0.471415
2008.000000 0.468127
2009.000000 0.468924
2010.000000 0.470068
2011.000000 0.469003
2012.000000 0.467008
2013.000000 0.465534
2014.000000 0.466923
2015.000000 0.466394
2016.000000 0.465939
2017.000000 0.464611
2018.000000 0.466359
2019.000000 0.463156
2020.000000 0.464794
2021.000000 0.463369
2022.000000 0.462147
2023.000000 0.462013
2024.000000 0.463005
2025.000000 0.460644
2026.000000 0.460079
2027.000000 0.457557
2028.000000 0.459532
2029.000000 0.459278
2030.000000 0.460718
2031.000000 0.459735
2032.000000 0.458958
2033.000000 0.457771
2034.000000 0.458442
2035.000000 0.459115
2036.000000 0.459121
2037.000000 0.457706
2038.000000 0.456446
2039.000000 0.458324
2040.000000 0.458146
2041.000000 0.457263
2042.000000 0.457091
2043.000000 0.457698
2044.000000 0.458829
2045.000000 0.458337
2046.000000 0.458163
2047.000000 0.458047
2048.000000 0.455537
2049.000000 0.458263
2050.000000 0.457333
2051.000000 0.458985
2052.000000 0.460896
2053.000000 0.461363
2054.000000 0.461958
2055.000000 0.463011
2056.000000 0.463514
2057.000000 0.464512
2058.000000 0.466363
2059.000000 0.468378
2060.000000 0.466269
2061.000000 0.469775
2062.000000 0.469929
2063.000000 0.470488
2064.000000 0.470481
2065.000000 0.471621
2066.000000 0.471100
2067.000000 0.472916
2068.000000 0.471259
2069.000000 0.472763
2070.000000 0.473168
2071.000000 0.471551
2072.000000 0.470846
2073.000000 0.470935
2074.000000 0.467643
2075.000000 0.469974
2076.000000 0.470377
2077.000000 0.468629
2078.000000 0.469887
2079.000000 0.465968
2080.000000 0.467433
2081.000000 0.466477
2082.000000 0.465484
2083.000000 0.464464
2084.000000 0.463311
2085.000000 0.463761
2086.000000 0.462365
2087.000000 0.461968
2088.000000 0.461351
2089.000000 0.459097
2090.000000 0.459641
2091.000000 0.457729
2092.000000 0.457612
2093.000000 0.456458
2094.000000 0.455438
2095.000000 0.456146
2096.000000 0.452435
2097.000000 0.452253
2098.000000 0.451568
2099.000000 0.452968
2100.000000 0.451479
2101.000000 0.448071
2102.000000 0.448959
2103.000000 0.446771
2104.000000 0.447572
2105.000000 0.446835
2106.000000 0.444315
2107.000000 0.446424
2108.000000 0.444422
2109.000000 0.443698
2110.000000 0.442401
2111.000000 0.441404
2112.000000 0.441493
2113.000000 0.439784
2114.000000 0.437153
2115.000000 0.436664
2116.000000 0.437071
2117.000000 0.434565
2118.000000 0.434246
2119.000000 0.431441
2120.000000 0.434191
2121.000000 0.430394
2122.000000 0.428832
2123.000000 0.428865
2124.000000 0.429099
2125.000000 0.428314
2126.000000 0.427787
2127.000000 0.426286
2128.000000 0.425710
2129.000000 0.426176
2130.000000 0.424699
2131.000000 0.423712
2132.000000 0.423700
2133.000000 0.424906
2134.000000 0.425020
2135.000000 0.421705
2136.000000 0.423371
2137.000000 0.422628
2138.000000 0.421856
2139.000000 0.423493
2140.000000 0.422420
2141.000000 0.422642
2142.000000 0.421541
2143.000000 0.420959
2144.000000 0.421598
2145.000000 0.417801
2146.000000 0.416978
2147.000000 0.418607
2148.000000 0.417453
2149.000000 0.417004
2150.000000 0.413821
2151.000000 0.413426
2152.000000 0.411483
2153.000000 0.411888
2154.000000 0.411772
2155.000000 0.409727
2156.000000 0.409245
2157.000000 0.408740
2158.000000 0.408344
2159.000000 0.409942
2160.000000 0.409105
2161.000000 0.411133
2162.000000 0.409373
2163.000000 0.409365
2164.000000 0.409528
2165.000000 0.409670
2166.000000 0.409400
2167.000000 0.410107
2168.000000 0.410031
2169.000000 0.409619
2170.000000 0.407819
2171.000000 0.408090
2172.000000 0.407902
2173.000000 0.407271
2174.000000 0.409867
2175.000000 0.408361
2176.000000 0.406998
2177.000000 0.408033
2178.000000 0.406252
2179.000000 0.405078
2180.000000 0.405072
2181.000000 0.403226
2182.000000 0.405630
2183.000000 0.403188
2184.000000 0.404733
2185.000000 0.401630
2186.000000 0.401453
2187.000000 0.400772
2188.000000 0.400723
2189.000000 0.400801
2190.000000 0.398725
2191.000000 0.398420
2192.000000 0.397276
2193.000000 0.396640
2194.000000 0.396084
2195.000000 0.396701
2196.000000 0.393435
2197.000000 0.394414
2198.000000 0.393480
2199.000000 0.392568
2200.000000 0.392855
2201.000000 0.394606
2202.000000 0.391933
2203.000000 0.393444
2204.000000 0.393310
2205.000000 0.392913
2206.000000 0.392240
2207.000000 0.391450
2208.000000 0.393289
2209.000000 0.394037
2210.000000 0.394898
2211.000000 0.393254
2212.000000 0.393570
2213.000000 0.391536
2214.000000 0.395223
2215.000000 0.392590
2216.000000 0.392764
2217.000000 0.394012
2218.000000 0.394033
2219.000000 0.394127
2220.000000 0.394806
2221.000000 0.395121
2222.000000 0.393618
2223.000000 0.394401
2224.000000 0.394895
2225.000000 0.394462
2226.000000 0.391158
2227.000000 0.389750
2228.000000 0.391580
2229.000000 0.390606
2230.000000 0.388704
2231.000000 0.390789
2232.000000 0.390490
2233.000000 0.388398
2234.000000 0.387623
2235.000000 0.387919
2236.000000 0.385563
2237.000000 0.385384
2238.000000 0.386282
2239.000000 0.385816
2240.000000 0.386719
2241.000000 0.385807
2242.000000 0.384697
2243.000000 0.383993
2244.000000 0.383315
2245.000000 0.383583
2246.000000 0.384187
2247.000000 0.385989
2248.000000 0.387200
2249.000000 0.385496
2250.000000 0.385517
2251.000000 0.386313
2252.000000 0.388213
2253.000000 0.384860
2254.000000 0.388162
2255.000000 0.387641
2256.000000 0.386146
2257.000000 0.386126
2258.000000 0.388535
2259.000000 0.386770
2260.000000 0.387485
2261.000000 0.388806
2262.000000 0.390905
2263.000000 0.390215
2264.000000 0.390504
2265.000000 0.388331
2266.000000 0.389284
2267.000000 0.391199
2268.000000 0.391581
2269.000000 0.390991
2270.000000 0.390971
2271.000000 0.390128
2272.000000 0.391224
2273.000000 0.393012
2274.000000 0.390764
2275.000000 0.392786
2276.000000 0.398223
2277.000000 0.395372
2278.000000 0.395399
2279.000000 0.397357
2280.000000 0.396153
2281.000000 0.397243
2282.000000 0.398027
2283.000000 0.397837
2284.000000 0.397623
2285.000000 0.397547
2286.000000 0.397042
2287.000000 0.399277
2288.000000 0.400687
2289.000000 0.399135
2290.000000 0.401051
2291.000000 0.401174
2292.000000 0.400324
2293.000000 0.401514
2294.000000 0.401034
2295.000000 0.401102
2296.000000 0.402733
2297.000000 0.403486
2298.000000 0.404132
2299.000000 0.405035
2300.000000 0.406649
2301.000000 0.405271
2302.000000 0.407260
2303.000000 0.406816
2304.000000 0.404151
2305.000000 0.406541
2306.000000 0.407580
2307.000000 0.406637
2308.000000 0.407607
2309.000000 0.409191
2310.000000 0.405240
2311.000000 0.407898
2312.000000 0.405326
2313.000000 0.405949
2314.000000 0.407630
2315.000000 0.407374
2316.000000 0.410463
2317.000000 0.409572
2318.000000 0.410344
2319.000000 0.414134
2320.000000 0.411247
2321.000000 0.411415
2322.000000 0.413807
2323.000000 0.413518
2324.000000 0.414280
2325.000000 0.414612
2326.000000 0.415277
2327.000000 0.415484
2328.000000 0.414193
2329.000000 0.413787
2330.000000 0.414649
2331.000000 0.413462
2332.000000 0.410884
2333.000000 0.411940
2334.000000 0.410401
2335.000000 0.407697
2336.000000 0.407033
2337.000000 0.406585
2338.000000 0.406789
2339.000000 0.405995
2340.000000 0.403415
2341.000000 0.402802
2342.000000 0.401078
2343.000000 0.401933
2344.000000 0.401135
2345.000000 0.398612
2346.000000 0.400736
2347.000000 0.400913
2348.000000 0.398649
2349.000000 0.397822
2350.000000 0.396203
2351.000000 0.397530
2352.000000 0.395594
2353.000000 0.395244
2354.000000 0.396575
2355.000000 0.395751
2356.000000 0.395806
2357.000000 0.395317
2358.000000 0.395223
2359.000000 0.394097
2360.000000 0.392403
2361.000000 0.392416
2362.000000 0.392169
2363.000000 0.391900
2364.000000 0.391459
2365.000000 0.393151
2366.000000 0.389161
2367.000000 0.392453
2368.000000 0.389175
2369.000000 0.389707
2370.000000 0.390753
2371.000000 0.390444
2372.000000 0.387953
2373.000000 0.387308
2374.000000 0.385841
2375.000000 0.384840
2376.000000 0.387698
2377.000000 0.391088
2378.000000 0.388228
2379.000000 0.388526
2380.000000 0.388589
2381.000000 0.387733
2382.000000 0.387764
2383.000000 0.385519
2384.000000 0.386743
2385.000000 0.386941
2386.000000 0.387841
2387.000000 0.387766
2388.000000 0.388954
2389.000000 0.388666
2390.000000 0.387984
2391.000000 0.388953
2392.000000 0.388012
2393.000000 0.387811
2394.000000 0.387461
2395.000000 0.388879
2396.000000 0.388825
2397.000000 0.386555
2398.000000 0.387988
2399.000000 0.392572
2400.000000 0.388124
2401.000000 0.390357
2402.000000 0.386817
2403.000000 0.387180
2404.000000 0.388054
2405.000000 0.388341
2406.000000 0.388942
2407.000000 0.391187
2408.000000 0.391944
2409.000000 0.391029
2410.000000 0.393488
2411.000000 0.393378
2412.000000 0.389261
2413.000000 0.393891
2414.000000 0.393922
2415.000000 0.395455
2416.000000 0.396687
2417.000000 0.399553
2418.000000 0.398582
2419.000000 0.400308
2420.000000 0.405711
2421.000000 0.401541
2422.000000 0.404456
2423.000000 0.398987
2424.000000 0.400441
2425.000000 0.398796
2426.000000 0.398787
2427.000000 0.398395
2428.000000 0.399347
2429.000000 0.396824
2430.000000 0.397097
2431.000000 0.397732
2432.000000 0.393710
2433.000000 0.393533
2434.000000 0.394953
2435.000000 0.395987
2436.000000 0.392573
2437.000000 0.393552
2438.000000 0.391184
2439.000000 0.394928
2440.000000 0.393968
2441.000000 0.391810
2442.000000 0.388211
2443.000000 0.391409
2444.000000 0.389730
2445.000000 0.389525
2446.000000 0.386344
2447.000000 0.386803
2448.000000 0.384525
2449.000000 0.387462
2450.000000 0.387363
2451.000000 0.387758
2452.000000 0.385903
2453.000000 0.383820
2454.000000 0.385674
2455.000000 0.385174
2456.000000 0.385748
2457.000000 0.383959
2458.000000 0.382892
2459.000000 0.383589
2460.000000 0.385990
2461.000000 0.385528
2462.000000 0.386167
2463.000000 0.385988
2464.000000 0.386843
2465.000000 0.385971
2466.000000 0.387344
2467.000000 0.385953
2468.000000 0.385695
2469.000000 0.387240
2470.000000 0.388466
2471.000000 0.386023
2472.000000 0.385261
2473.000000 0.385074
2474.000000 0.383896
2475.000000 0.384358
2476.000000 0.385148
2477.000000 0.384332
2478.000000 0.384517
2479.000000 0.381735
2480.000000 0.384880
2481.000000 0.384209
2482.000000 0.386015
2483.000000 0.381545
2484.000000 0.382331
2485.000000 0.382105
2486.000000 0.381864
2487.000000 0.381012
2488.000000 0.381083
2489.000000 0.382987
2490.000000 0.382443
2491.000000 0.382582
2492.000000 0.381351
2493.000000 0.383124
2494.000000 0.383240
2495.000000 0.377811
2496.000000 0.378591
2497.000000 0.378828
2498.000000 0.378000
2499.000000 0.378398
2500.000000 0.378346
2501.000000 0.378331
2502.000000 0.377358
2503.000000 0.379933
2504.000000 0.378998
2505.000000 0.379459
2506.000000 0.377437
2507.000000 0.377856
2508.000000 0.378380
2509.000000 0.378970
2510.000000 0.377791
2511.000000 0.375599
2512.000000 0.374418
2513.000000 0.377556
2514.000000 0.372934
2515.000000 0.376296
2516.000000 0.374193
2517.000000 0.374993
2518.000000 0.373276
2519.000000 0.373221
2520.000000 0.372207
2521.000000 0.369933
2522.000000 0.370928
2523.000000 0.371742
2524.000000 0.373143
2525.000000 0.374494
2526.000000 0.369525
2527.000000 0.370610
2528.000000 0.369935
2529.000000 0.371184
2530.000000 0.370130
2531.000000 0.371085
2532.000000 0.368065
2533.000000 0.371196
2534.000000 0.369419
2535.000000 0.373288
2536.000000 0.370492
2537.000000 0.369421
2538.000000 0.368081
2539.000000 0.370730
2540.000000 0.369939
2541.000000 0.369923
2542.000000 0.366044
2543.000000 0.366667
2544.000000 0.365513
2545.000000 0.368425
2546.000000 0.365320
2547.000000 0.367647
2548.000000 0.368026
2549.000000 0.365768
2550.000000 0.363298
2551.000000 0.364582
2552.000000 0.363708
2553.000000 0.365721
2554.000000 0.359789
2555.000000 0.360315
2556.000000 0.361005
2557.000000 0.358939
2558.000000 0.359541
2559.000000 0.360555
2560.000000 0.359963
2561.000000 0.360110
2562.000000 0.363542
2563.000000 0.361425
2564.000000 0.357947
2565.000000 0.357803
2566.000000 0.358567
2567.000000 0.356442
2568.000000 0.357693
2569.000000 0.355905
2570.000000 0.354026
2571.000000 0.356456
2572.000000 0.356536
2573.000000 0.355356
2574.000000 0.355673
2575.000000 0.355828
2576.000000 0.353139
2577.000000 0.353699
2578.000000 0.353088
2579.000000 0.356052
2580.000000 0.351563
2581.000000 0.352325
2582.000000 0.351414
2583.000000 0.350831
2584.000000 0.350641
2585.000000 0.351201
2586.000000 0.350043
2587.000000 0.350494
2588.000000 0.348759
2589.000000 0.347318
2590.000000 0.351268
2591.000000 0.348820
2592.000000 0.348792
2593.000000 0.351025
2594.000000 0.348786
2595.000000 0.347852
2596.000000 0.347288
2597.000000 0.346951
2598.000000 0.348533
2599.000000 0.347233
2600.000000 0.345980
2601.000000 0.347641
2602.000000 0.343837
2603.000000 0.344531
2604.000000 0.347677
2605.000000 0.344709
2606.000000 0.345017
2607.000000 0.345482
2608.000000 0.346736
2609.000000 0.346342
2610.000000 0.347856
2611.000000 0.345392
2612.000000 0.346824
2613.000000 0.343195
2614.000000 0.344990
2615.000000 0.346117
2616.000000 0.345305
2617.000000 0.345639
2618.000000 0.346361
2619.000000 0.345120
2620.000000 0.347742
2621.000000 0.346196
2622.000000 0.346054
2623.000000 0.346073
2624.000000 0.344477
2625.000000 0.344006
2626.000000 0.341684
2627.000000 0.343958
2628.000000 0.344977
2629.000000 0.341796
2630.000000 0.341360
2631.000000 0.337939
2632.000000 0.336822
2633.000000 0.340364
2634.000000 0.338624
2635.000000 0.341908
2636.000000 0.337742
2637.000000 0.335910
2638.000000 0.334064
2639.000000 0.332484
2640.000000 0.334418
2641.000000 0.331243
2642.000000 0.332501
2643.000000 0.329556
2644.000000 0.328454
2645.000000 0.327424
2646.000000 0.326880
2647.000000 0.325120
2648.000000 0.325039
2649.000000 0.326525
2650.000000 0.323703
2651.000000 0.323548
2652.000000 0.325779
2653.000000 0.325006
2654.000000 0.324654
2655.000000 0.325119
2656.000000 0.322575
2657.000000 0.322944
2658.000000 0.324445
2659.000000 0.323613
2660.000000 0.322818
2661.000000 0.323783
2662.000000 0.324044
2663.000000 0.322914
2664.000000 0.324334
2665.000000 0.325418
2666.000000 0.324761
2667.000000 0.327177
2668.000000 0.323907
2669.000000 0.327157
2670.000000 0.325922
2671.000000 0.326401
2672.000000 0.327297
2673.000000 0.324240
2674.000000 0.325647
2675.000000 0.325674
2676.000000 0.328261
2677.000000 0.326986
2678.000000 0.324631
2679.000000 0.325023
2680.000000 0.322948
2681.000000 0.325587
2682.000000 0.323880
2683.000000 0.325861
2684.000000 0.323911
2685.000000 0.325082
2686.000000 0.326108
2687.000000 0.325882
2688.000000 0.326070
2689.000000 0.324375
2690.000000 0.322833
2691.000000 0.321879
2692.000000 0.323059
2693.000000 0.324914
2694.000000 0.324611
2695.000000 0.322730
2696.000000 0.324807
2697.000000 0.326974
2698.000000 0.324864
2699.000000 0.326521
2700.000000 0.326491
2701.000000 0.329812
2702.000000 0.331124
2703.000000 0.329716
2704.000000 0.325396
2705.000000 0.331574
2706.000000 0.330147
2707.000000 0.330640
2708.000000 0.331634
2709.000000 0.328759
2710.000000 0.330349
2711.000000 0.332469
2712.000000 0.334775
2713.000000 0.332295
2714.000000 0.333260
2715.000000 0.335586
2716.000000 0.334064
2717.000000 0.336949
2718.000000 0.334713
2719.000000 0.334742
2720.000000 0.338351
2721.000000 0.338168
2722.000000 0.342257
2723.000000 0.340730
2724.000000 0.341322
2725.000000 0.344893
2726.000000 0.340692
2727.000000 0.341744
2728.000000 0.341795
2729.000000 0.340580
2730.000000 0.340496
2731.000000 0.345396
2732.000000 0.347456
2733.000000 0.345679
2734.000000 0.347166
2735.000000 0.344513
2736.000000 0.351883
2737.000000 0.349140
2738.000000 0.348946
2739.000000 0.349248
2740.000000 0.345199
2741.000000 0.349241
2742.000000 0.349496
2743.000000 0.349193
2744.000000 0.351353
2745.000000 0.351047
2746.000000 0.351497
2747.000000 0.351310
2748.000000 0.352043
2749.000000 0.354035
2750.000000 0.354338
2751.000000 0.355321
2752.000000 0.354693
2753.000000 0.356091
2754.000000 0.356470
2755.000000 0.356419
2756.000000 0.361816
2757.000000 0.357763
2758.000000 0.359540
2759.000000 0.356447
2760.000000 0.357671
2761.000000 0.357108
2762.000000 0.360043
2763.000000 0.361221
2764.000000 0.360383
2765.000000 0.364463
2766.000000 0.363297
2767.000000 0.362956
2768.000000 0.366162
2769.000000 0.364676
2770.000000 0.373018
2771.000000 0.368238
2772.000000 0.375135
2773.000000 0.374949
2774.000000 0.380593
2775.000000 0.379364
2776.000000 0.385926
2777.000000 0.387860
2778.000000 0.389159
2779.000000 0.395519
2780.000000 0.397694
2781.000000 0.402467
2782.000000 0.406465
2783.000000 0.408816
2784.000000 0.417119
2785.000000 0.421630
2786.000000 0.428051
2787.000000 0.432380
2788.000000 0.440242
2789.000000 0.442775
2790.000000 0.452952
2791.000000 0.458690
2792.000000 0.470982
2793.000000 0.477901
2794.000000 0.479135
2795.000000 0.483644
2796.000000 0.486222
2797.000000 0.496378
2798.000000 0.497704
2799.000000 0.501690
2800.000000 0.498319
2801.000000 0.495193
2802.000000 0.495566
2803.000000 0.491409
2804.000000 0.490840
2805.000000 0.487758
2806.000000 0.482358
2807.000000 0.474891
2808.000000 0.470002
2809.000000 0.458605
2810.000000 0.457512
2811.000000 0.451229
2812.000000 0.443536
2813.000000 0.436473
2814.000000 0.426366
2815.000000 0.425780
2816.000000 0.417634
2817.000000 0.413817
2818.000000 0.407380
2819.000000 0.402597
2820.000000 0.394494
2821.000000 0.392278
2822.000000 0.388982
2823.000000 0.387074
2824.000000 0.381938
2825.000000 0.378979
2826.000000 0.376995
2827.000000 0.372080
2828.000000 0.374045
2829.000000 0.365006
2830.000000 0.369914
2831.000000 0.362391
2832.000000 0.362912
2833.000000 0.356123
2834.000000 0.356695
2835.000000 0.357662
2836.000000 0.355328
2837.000000 0.352273
2838.000000 0.351177
2839.000000 0.352415
2840.000000 0.349715
2841.000000 0.348806
2842.000000 0.346672
2843.000000 0.345479
2844.000000 0.342633
2845.000000 0.343008
2846.000000 0.337987
2847.000000 0.340514
2848.000000 0.340073
2849.000000 0.338327
2850.000000 0.335751
2851.000000 0.337607
2852.000000 0.335008
2853.000000 0.332943
2854.000000 0.334442
2855.000000 0.329720
2856.000000 0.330872
2857.000000 0.327879
2858.000000 0.325787
2859.000000 0.327664
2860.000000 0.324084
2861.000000 0.324803
2862.000000 0.322665
2863.000000 0.319640
2864.000000 0.321138
2865.000000 0.317490
2866.000000 0.319316
2867.000000 0.316389
2868.000000 0.319130
2869.000000 0.319850
2870.000000 0.322215
2871.000000 0.313021
2872.000000 0.314992
2873.000000 0.313717
2874.000000 0.321645
2875.000000 0.312973
2876.000000 0.319880
2877.000000 0.306857
2878.000000 0.309994
2879.000000 0.311233
2880.000000 0.314311
2881.000000 0.312780
2882.000000 0.313369
2883.000000 0.306390
2884.000000 0.313415
2885.000000 0.306618
2886.000000 0.310450
2887.000000 0.303483
2888.000000 0.306286
2889.000000 0.305540
2890.000000 0.305756
2891.000000 0.301518
2892.000000 0.304102
2893.000000 0.306706
2894.000000 0.303930
2895.000000 0.301467
2896.000000 0.297847
2897.000000 0.299105
2898.000000 0.301602
2899.000000 0.299008
2900.000000 0.301021
2901.000000 0.296493
2902.000000 0.294895
2903.000000 0.294530
2904.000000 0.297720
2905.000000 0.294405
2906.000000 0.297948
2907.000000 0.295281
2908.000000 0.299101
2909.000000 0.293432
2910.000000 0.299105
2911.000000 0.293357
2912.000000 0.294987
2913.000000 0.292320
2914.000000 0.294177
2915.000000 0.288189
2916.000000 0.297175
2917.000000 0.290448
2918.000000 0.298649
2919.000000 0.294713
2920.000000 0.297224
2921.000000 0.302406
2922.000000 0.298748
2923.000000 0.296465
2924.000000 0.297946
2925.000000 0.301881
2926.000000 0.298375
2927.000000 0.298483
2928.000000 0.303712
2929.000000 0.298604
2930.000000 0.304255
2931.000000 0.300053
2932.000000 0.301668
2933.000000 0.299100
2934.000000 0.299077
2935.000000 0.305134
2936.000000 0.298566
2937.000000 0.303604
2938.000000 0.300659
2939.000000 0.304362
2940.000000 0.299198
2941.000000 0.302853
2942.000000 0.297143
2943.000000 0.305042
2944.000000 0.299215
2945.000000 0.300250
2946.000000 0.297230
2947.000000 0.304321
2948.000000 0.300445
2949.000000 0.304086
2950.000000 0.297329
2951.000000 0.302806
2952.000000 0.303426
2953.000000 0.300194
2954.000000 0.299672
2955.000000 0.294196
2956.000000 0.295828
2957.000000 0.293894
2958.000000 0.297515
2959.000000 0.294117
2960.000000 0.299238
2961.000000 0.293186
2962.000000 0.294936
2963.000000 0.291865
2964.000000 0.298759
2965.000000 0.298476
2966.000000 0.298162
2967.000000 0.294238
2968.000000 0.292055
2969.000000 0.289714
2970.000000 0.293004
2971.000000 0.294600
2972.000000 0.290792
2973.000000 0.293109
2974.000000 0.286037
2975.000000 0.292506
2976.000000 0.291156
2977.000000 0.289716
2978.000000 0.287415
2979.000000 0.293796
2980.000000 0.290663
2981.000000 0.290216
2982.000000 0.294373
2983.000000 0.291931
2984.000000 0.290439
2985.000000 0.286255
2986.000000 0.287263
2987.000000 0.281836
2988.000000 0.286285
2989.000000 0.279869
2990.000000 0.284519
2991.000000 0.286819
2992.000000 0.281307
2993.000000 0.279676
2994.000000 0.278494
2995.000000 0.279396
2996.000000 0.274399
2997.000000 0.281299
2998.000000 0.274832
2999.000000 0.280786
3000.000000 0.278369
3001.000000 0.271817
3002.000000 0.272440
3003.000000 0.276602
3004.000000 0.274390
3005.000000 0.272254
3006.000000 0.275332
3007.000000 0.271067
3008.000000 0.272498
3009.000000 0.266813
3010.000000 0.260389
3011.000000 0.268650
3012.000000 0.270987
3013.000000 0.267137
3014.000000 0.264863
3015.000000 0.266190
3016.000000 0.259079
3017.000000 0.261663
3018.000000 0.264609
3019.000000 0.265857
3020.000000 0.262763
3021.000000 0.259963
3022.000000 0.254115
3023.000000 0.252929
3024.000000 0.263830
3025.000000 0.264447
3026.000000 0.259090
3027.000000 0.259473
3028.000000 0.256195
3029.000000 0.258706
3030.000000 0.247499
3031.000000 0.258579
3032.000000 0.255189
3033.000000 0.258092
3034.000000 0.250924
3035.000000 0.253181
3036.000000 0.255703
3037.000000 0.255355
3038.000000 0.256341
3039.000000 0.254095
3040.000000 0.260553
3041.000000 0.260935
3042.000000 0.257504
3043.000000 0.257762
3044.000000 0.251309
3045.000000 0.262256
3046.000000 0.254143
3047.000000 0.259963
3048.000000 0.257589
3049.000000 0.249094
3050.000000 0.259972
3051.000000 0.246480
3052.000000 0.258069
3053.000000 0.257925
3054.000000 0.256750
3055.000000 0.254559
3056.000000 0.254981
3057.000000 0.254132
3058.000000 0.254183
3059.000000 0.258990
3060.000000 0.256352
3061.000000 0.252135
3062.000000 0.251857
3063.000000 0.251417
3064.000000 0.257617
3065.000000 0.257825
3066.000000 0.253629
3067.000000 0.263080
3068.000000 0.251206
3069.000000 0.260076
3070.000000 0.254066
3071.000000 0.254986
3072.000000 0.256960
3073.000000 0.261739
3074.000000 0.254070
3075.000000 0.261212
3076.000000 0.254691
3077.000000 0.249236
3078.000000 0.252180
3079.000000 0.251960
3080.000000 0.250348
3081.000000 0.263107
3082.000000 0.252173
3083.000000 0.253087
3084.000000 0.253655
3085.000000 0.250986
3086.000000 0.258807
3087.000000 0.248966
3088.000000 0.251428
3089.000000 0.252980
3090.000000 0.250498
3091.000000 0.250970
3092.000000 0.243375
3093.000000 0.255745
3094.000000 0.255193
3095.000000 0.251000
3096.000000 0.265618
3097.000000 0.253906
3098.000000 0.261680
3099.000000 0.261598
3100.000000 0.258346
3101.000000 0.250246
3102.000000 0.245976
3103.000000 0.258929
3104.000000 0.253691
3105.000000 0.254122
3106.000000 0.255678
3107.000000 0.251543
3108.000000 0.252229
3109.000000 0.262625
3110.000000 0.263816
3111.000000 0.263193
3112.000000 0.247991
3113.000000 0.249787
3114.000000 0.253907
3115.000000 0.257283
3116.000000 0.263180
3117.000000 0.253761
3118.000000 0.258548
3119.000000 0.253319
3120.000000 0.255921
3121.000000 0.266589
3122.000000 0.260748
3123.000000 0.262313
3124.000000 0.260403
3125.000000 0.252476
3126.000000 0.266749
3127.000000 0.262602
3128.000000 0.264917
3129.000000 0.275696
3130.000000 0.256632
3131.000000 0.273281
3132.000000 0.253375
3133.000000 0.257518
3134.000000 0.262824
3135.000000 0.260273
3136.000000 0.258646
3137.000000 0.253161
3138.000000 0.265308
3139.000000 0.250619
3140.000000 0.264882
3141.000000 0.264754
3142.000000 0.264817
3143.000000 0.253119
3144.000000 0.260765
3145.000000 0.263325
3146.000000 0.258177
3147.000000 0.273985
3148.000000 0.253272
3149.000000 0.251832
3150.000000 0.251938
3151.000000 0.249795
3152.000000 0.255790
3153.000000 0.246551
3154.000000 0.258892
3155.000000 0.263601
3156.000000 0.249103
3157.000000 0.260982
3158.000000 0.257223
3159.000000 0.248021
3160.000000 0.255580
3161.000000 0.260337
3162.000000 0.269458
3163.000000 0.249194
3164.000000 0.242631
3165.000000 0.254555
3166.000000 0.270548
3167.000000 0.249115
3168.000000 0.275664
3169.000000 0.274479
3170.000000 0.247777
3171.000000 0.275392
3172.000000 0.248010
3173.000000 0.264418
3174.000000 0.256263
3175.000000 0.272179
3176.000000 0.268937
3177.000000 0.243076
3178.000000 0.253967
3179.000000 0.271583
3180.000000 0.250169
3181.000000 0.254534
3182.000000 0.256295
3183.000000 0.267449
3184.000000 0.270715
3185.000000 0.264068
3186.000000 0.256383
3187.000000 0.258979
3188.000000 0.273982
3189.000000 0.282928
3190.000000 0.284576
3191.000000 0.256251
3192.000000 0.260416
3193.000000 0.239783
3194.000000 0.256382
3195.000000 0.277743
3196.000000 0.269726
3197.000000 0.274083
3198.000000 0.272576
3199.000000 0.236201
3200.000000 0.253288
3201.000000 0.287080
3202.000000 0.265809
3203.000000 0.271783
3204.000000 0.270004
3205.000000 0.232341
3206.000000 0.261179
3207.000000 0.257914
3208.000000 0.252919
3209.000000 0.267138
3210.000000 0.269595
3211.000000 0.237116
3212.000000 0.250266
3213.000000 0.292029
3214.000000 0.269023
3215.000000 0.249070
3216.000000 0.265789
3217.000000 0.265926
3218.000000 0.275996
3219.000000 0.272646
3220.000000 0.245987
3221.000000 0.280870
3222.000000 0.225449
3223.000000 0.255978
3224.000000 0.249897
3225.000000 0.270196
3226.000000 0.280580
3227.000000 0.274763
3228.000000 0.260571
3229.000000 0.246207
3230.000000 0.250484
3231.000000 0.241207
3232.000000 0.263236
3233.000000 0.245370
3234.000000 0.236986
3235.000000 0.251431
3236.000000 0.272915
3237.000000 0.241486
3238.000000 0.236720
3239.000000 0.263001
3240.000000 0.262867
3241.000000 0.264287
3242.000000 0.255588
3243.000000 0.266415
3244.000000 0.271319
3245.000000 0.219026
3246.000000 0.276224
3247.000000 0.282765
3248.000000 0.250885
3249.000000 0.232330
3250.000000 0.245409
3251.000000 0.247414
3252.000000 0.244972
3253.000000 0.254028
3254.000000 0.269455
3255.000000 0.312108
3256.000000 0.256476
3257.000000 0.282999
3258.000000 0.238534
3259.000000 0.258488
3260.000000 0.260115
3261.000000 0.261877
3262.000000 0.242171
3263.000000 0.188296
3264.000000 0.183078
3265.000000 0.262372
3266.000000 0.246164
3267.000000 0.254926
3268.000000 0.241650
3269.000000 0.307380
3270.000000 0.297220
3271.000000 0.196706
3272.000000 0.175539
3273.000000 0.286347
3274.000000 0.392939
3275.000000 0.339958
3276.000000 0.253990
3277.000000 0.186553
3278.000000 0.383915
3279.000000 0.343602
3280.000000 0.298744
3281.000000 0.187652
3282.000000 -0.056192
3283.000000 0.299172
3284.000000 0.538823
3285.000000 0.213536
3286.000000 0.247549
3287.000000 0.411661
3288.000000 0.548319
3289.000000 0.166314
3290.000000 1.034906
3291.000000 1.196342
3292.000000 2.114755
3293.000000 2.756354
3294.000000 1.839866
3295.000000 -3.011611
3296.000000 16.564265
3297.000000 2.613650
3298.000000 -0.378934
3299.000000 -9.439815
3300.000000 nan
3301.000000 nan
3302.000000 nan
3303.000000 nan
3304.000000 nan
3305.000000 nan
3306.000000 nan
3307.000000 nan
3308.000000 nan
3309.000000 nan
3310.000000 nan
3311.000000 nan
3312.000000 nan
3313.000000 nan
3314.000000 nan
3315.000000 nan
3316.000000 nan
3317.000000 nan
3318.000000 nan
3319.000000 nan
3320.000000 nan
3321.000000 nan
3322.000000 nan
3323.000000 nan
3324.000000 nan
3325.000000 nan
3326.000000 nan
3327.000000 nan
3328.000000 nan
3329.000000 nan
3330.000000 nan
3331.000000 nan
3332.000000 nan
3333.000000 nan
3334.000000 nan
3335.000000 nan
3336.000000 nan
3337.000000 nan
3338.000000 nan
3339.000000 nan
3340.000000 nan
3341.000000 nan
3342.000000 nan
3343.000000 nan
3344.000000 nan
3345.000000 nan
3346.000000 nan
3347.000000 nan
3348.000000 nan
3349.000000 nan
3350.000000 nan
3351.000000 nan
3352.000000 nan
3353.000000 nan
3354.000000 nan
3355.000000 nan
3356.000000 nan
3357.000000 nan
3358.000000 nan
3359.000000 nan
3360.000000 nan
3361.000000 nan
3362.000000 nan
3363.000000 nan
3364.000000 nan
3365.000000 nan
3366.000000 nan
3367.000000 nan
3368.000000 nan
3369.000000 nan
3370.000000 nan
3371.000000 nan
3372.000000 nan
3373.000000 nan
3374.000000 nan
3375.000000 nan
3376.000000 nan
3377.000000 nan
3378.000000 nan
3379.000000 nan
3380.000000 nan
3381.000000 nan
3382.000000 nan
3383.000000 nan
3384.000000 nan
3385.000000 nan
3386.000000 nan
3387.000000 nan
3388.000000 nan
3389.000000 nan
3390.000000 nan
3391.000000 nan
3392.000000 nan
3393.000000 nan
3394.000000 nan
3395.000000 nan
3396.000000 nan
3397.000000 nan
3398.000000 nan
3399.000000 nan
3400.000000 nan
3401.000000 nan
3402.000000 nan
3403.000000 nan
3404.000000 nan
3405.000000 nan
3406.000000 nan
3407.000000 nan
3408.000000 nan
3409.000000 nan
3410.000000 nan
3411.000000 nan
3412.000000 nan
3413.000000 nan
3414.000000 nan
3415.000000 nan
3416.000000 nan
3417.000000 nan
3418.000000 nan
3419.000000 nan
3420.000000 nan
3421.000000 nan
3422.000000 nan
3423.000000 nan
3424.000000 nan
3425.000000 nan
3426.000000 nan
3427.000000 nan
3428.000000 nan
3429.000000 nan
3430.000000 nan
3431.000000 nan
3432.000000 nan
3433.000000 nan
3434.000000 nan
3435.000000 nan
3436.000000 nan
3437.000000 nan
3438.000000 nan
3439.000000 nan
3440.000000 nan
3441.000000 nan
3442.000000 nan
3443.000000 nan
3444.000000 nan
3445.000000 nan
3446.000000 nan
3447.000000 nan
3448.000000 nan
3449.000000 nan
3450.000000 nan
3451.000000 nan
3452.000000 nan
3453.000000 nan
3454.000000 nan
3455.000000 nan
3456.000000 nan
3457.000000 nan
3458.000000 nan
3459.000000 nan
3460.000000 nan
3461.000000 nan
3462.000000 nan
3463.000000 nan
3464.000000 nan
3465.000000 nan
3466.000000 nan
3467.000000 nan
3468.000000 nan
3469.000000 nan
3470.000000 nan
3471.000000 nan
3472.000000 nan
3473.000000 nan
3474.000000 nan
3475.000000 nan
3476.000000 nan
3477.000000 nan
3478.000000 nan
3479.000000 nan
3480.000000 nan
3481.000000 nan
3482.000000 nan
3483.000000 nan
3484.000000 nan
3485.000000 nan
3486.000000 nan
3487.000000 nan
3488.000000 nan
3489.000000 nan
3490.000000 nan
3491.000000 nan
3492.000000 nan
3493.000000 nan
3494.000000 nan
3495.000000 nan
3496.000000 nan
3497.000000 nan
3498.000000 nan
3499.000000 nan
3500.000000 nan
3501.000000 nan
3502.000000 nan
3503.000000 nan
3504.000000 nan
3505.000000 nan
3506.000000 nan
3507.000000 nan
3508.000000 nan
3509.000000 nan
3510.000000 nan
3511.000000 nan
3512.000000 nan
3513.000000 nan
3514.000000 nan
3515.000000 nan
3516.000000 nan
3517.000000 nan
3518.000000 nan
3519.000000 nan
3520.000000 nan
3521.000000 nan
3522.000000 nan
3523.000000 nan
3524.000000 nan
3525.000000 nan
3526.000000 nan
3527.000000 nan
3528.000000 nan
3529.000000 nan
3530.000000 nan
3531.000000 nan
3532.000000 nan
3533.000000 nan
3534.000000 nan
3535.000000 nan
3536.000000 nan
3537.000000 nan
3538.000000 nan
3539.000000 nan
3540.000000 nan
3541.000000 nan
3542.000000 nan
3543.000000 nan
3544.000000 nan
3545.000000 nan
3546.000000 nan
3547.000000 nan
3548.000000 nan
3549.000000 nan
3550.000000 nan
3551.000000 nan
3552.000000 nan
3553.000000 nan
3554.000000 nan
3555.000000 nan
3556.000000 nan
3557.000000 nan
3558.000000 nan
3559.000000 nan
3560.000000 nan
3561.000000 nan
3562.000000 nan
3563.000000 nan
3564.000000 nan
3565.000000 nan
3566.000000 nan
3567.000000 nan
3568.000000 nan
3569.000000 nan
3570.000000 nan
3571.000000 nan
3572.000000 nan
3573.000000 nan
3574.000000 nan
3575.000000 nan
3576.000000 nan
3577.000000 nan
3578.000000 nan
3579.000000 nan
3580.000000 nan
3581.000000 nan
3582.000000 nan
3583.000000 nan
3584.000000 nan
3585.000000 nan
3586.000000 nan
3587.000000 nan
3588.000000 nan
3589.000000 nan
3590.000000 nan
3591.000000 nan
3592.000000 nan
3593.000000 nan
3594.000000 nan
3595.000000 nan
3596.000000 nan
3597.000000 nan
3598.000000 nan
3599.000000 nan
3600.000000 nan
