A_qso chisq
1.674081 0.868049
0.892337 1.055320
11.733900 1.128311
1.671293 0.847093
6.177108 2.010747
0.465146 1.014070
1.603396 0.993759
0.752182 0.933561
2.065005 1.101986
0.654655 1.066499
0.810540 0.960519
3.697301 0.865768
6.631015 2.345839
1.623751 1.985067
6.658326 0.495437
19.108848 0.779362
8.924229 0.786524
5.528953 2.660316
14.155837 2.455992
2.386106 1.133814
1.845899 1.032734
3.632727 1.195565
0.842546 1.085472
2.911886 1.227840
5.158758 0.905136
10.919236 0.420504
2.801699 0.705947
0.685300 1.069906
1.230754 1.088624
0.785500 0.992328
0.554912 1.422778
1.801374 1.371565
0.081565 1.102193
13.895829 1.202910
2.083347 0.911744
3.427891 2.375172
2.160713 1.239859
1.857282 1.134906
1.322133 0.921156
0.467171 1.468755
0.743253 1.185556
4.499002 0.679589
2.776218 0.841784
7.066112 1.421039
0.781102 1.290374
3.077562 2.012905
2.746933 0.979618
0.922036 1.557675
1.217969 1.326528
3.195991 2.471598
3.729408 1.635586
3.419017 0.807029
0.715817 1.106478
2.329351 1.018075
1.944347 1.183520
0.253420 1.219647
15.590899 1.772899
1.494617 1.397876
0.882558 0.929899
0.907918 0.927587
1.013113 1.419427
0.865712 1.052511
4.070909 1.829891
0.640903 1.237232
5.465236 1.326215
10.644372 0.684546
0.970665 0.992181
5.530609 1.512250
0.718614 0.895521
0.855864 0.910774
0.625433 1.036427
1.542402 1.042214
1.496312 1.211192
5.192827 0.901105
3.325264 2.548972
1.899610 1.071846
0.522080 1.172936
4.360209 0.639739
6.013624 1.283708
0.988151 1.121196
0.268394 1.125289
0.971790 1.220683
16.303846 1.572697
7.031068 1.312150
1.294260 1.197602
2.512325 1.669754
0.561408 0.941494
5.195494 2.100427
0.523147 1.245977
2.299920 0.995126
1.662198 0.981572
3.430623 0.900431
1.564475 1.058293
0.804621 0.996484
5.837113 1.366403
3.763749 1.098340
4.605991 1.495730
1.543649 1.222787
1.309213 0.764403
3.022919 2.205145
5.205126 3.028714
1.346021 1.001948
1.819530 1.040510
1.599474 0.930242
7.964679 0.815181
1.596620 1.326914
0.794833 1.146290
3.899747 0.891810
2.939325 4.335762
1.437510 1.423287
2.635058 1.587862
2.086425 0.880249
3.151037 2.725337
1.640643 0.960067
0.719234 0.936910
5.632836 0.780888
1.371534 0.992662
3.444722 0.851205
1.858130 0.889434
2.714278 0.921995
14.314887 2.623835
11.815376 9.557362
2.326103 1.984486
0.796071 1.102325
4.120753 2.166456
1.058331 0.945894
2.044221 0.862273
0.773206 0.911274
0.566635 1.116577
0.958080 1.038918
1.517491 1.034898
1.749881 0.987347
2.456427 1.029474
4.622300 3.133845
0.299413 1.039483
2.817617 1.333587
18.104078 1.289181
4.851285 0.957342
0.185399 1.052304
1.161621 1.627328
7.656504 0.850334
4.148872 2.112324
1.918437 1.603328
2.357321 0.989639
2.278358 3.422435
1.735468 0.867267
1.754870 0.856165
12.375275 0.819022
1.067851 1.039501
0.405205 1.546215
2.470146 0.978062
3.089130 2.092051
9.760606 1.795650
2.006903 1.272008
3.503956 0.977307
2.187566 1.164704
0.693977 0.897497
2.559331 0.976749
1.403818 1.537754
0.287499 1.535362
3.925985 1.530576
3.594361 8.159074
1.108934 1.135150
0.283260 1.028424
11.719071 0.635129
5.998479 1.477327
0.543521 1.339667
0.777781 0.914002
0.842402 0.997323
0.549553 1.057650
2.911119 1.536868
1.644327 1.294996
1.914318 0.975523
2.516759 1.058210
2.891310 1.266047
2.516347 1.094586
3.495606 1.019979
3.045858 1.684767
1.872038 0.836207
0.513385 1.520340
0.846236 1.099054
0.920082 1.124977
1.013123 0.907500
2.411727 1.909696
1.766027 1.691082
4.290617 3.172885
1.625714 1.386870
0.916098 1.118637
2.456559 1.366467
0.759207 1.042106
1.782235 1.281453
3.883882 1.066345
0.803132 1.634955
3.936168 1.461390
0.441581 1.187347
1.245097 0.994534
1.579484 0.914739
1.170343 0.930582
0.443305 1.096977
1.827551 0.915826
2.302346 1.541401
0.943978 1.027014
0.688938 0.897598
4.592493 4.055681
0.578575 1.029277
5.111739 1.051182
0.668086 1.076731
1.317624 1.321284
2.435522 0.843700
0.126681 0.848579
0.822348 0.897428
0.635633 1.431373
1.649387 0.717954
0.218685 0.847902
13.700780 0.495668
0.668840 1.120143
6.547753 0.692908
0.597884 0.987082
4.531676 1.670143
2.680940 0.753588
1.622107 2.916126
2.445045 1.161568
2.006396 1.008804
4.239493 0.791679
2.258257 0.768597
1.353387 1.574151
0.614871 0.987803
2.206632 1.585562
1.603736 2.093487
15.092613 1.027105
0.603337 0.969758
3.950848 29.292934
0.922597 1.120022
2.226971 1.708043
0.747767 1.030570
2.713811 1.103058
6.149356 0.674506
2.350491 1.749419
3.766402 1.136675
1.823298 1.292546
1.138216 1.138497
1.202913 1.472416
0.933591 1.210502
6.726997 0.825888
32.197878 8.451736
0.539196 1.005189
0.511947 0.989435
0.134699 0.919225
8.253196 0.513631
0.821267 1.215458
4.434336 1.175542
1.612050 1.896240
6.346209 3.089800
1.142049 1.056866
0.739113 1.613421
7.275787 2.888486
4.993184 0.920320
1.204142 1.032907
0.441884 1.677101
1.769649 1.008959
0.637854 0.991064
1.586087 2.065826
2.896543 0.863922
3.752753 0.952417
3.909634 0.710581
6.931131 0.663275
6.405695 1.442861
0.722420 1.271531
0.997834 1.863281
1.048358 1.010615
0.640522 1.037389
1.339789 0.968324
0.997938 0.963299
1.007904 2.331008
0.769325 1.814569
5.175135 1.833352
3.283460 0.996000
1.715108 0.725581
0.568042 1.386753
0.892949 0.982973
0.514411 1.411684
13.275564 1.293807
15.675817 2.579944
2.027431 1.046487
0.861912 1.250170
0.885595 0.893934
1.297956 1.091379
1.970281 1.152375
3.418129 0.837577
4.423006 3.156795
4.585818 2.751579
1.285809 1.243629
0.936531 0.927695
0.927441 1.216878
2.773624 0.821273
0.340470 1.087834
2.155091 1.303156
1.627329 1.232385
1.946498 1.417660
0.315605 0.959843
0.231184 1.278895
2.628600 2.099536
4.505646 0.843323
5.368750 0.709040
0.901973 1.126518
1.015483 1.211032
9.681623 1.850554
6.181492 0.529847
0.783029 1.121377
7.611586 0.812440
3.715843 1.977951
2.572239 1.007397
1.127755 1.368643
1.581836 0.987282
0.774806 1.568275
1.123473 1.111886
0.221189 1.159951
1.641570 2.195121
3.117988 1.413147
2.074967 0.940439
1.255473 1.177131
1.552179 1.455808
3.861723 1.572664
1.514065 1.039254
1.526571 0.891320
4.897732 2.142522
2.219102 1.048025
1.060239 1.286309
1.251588 2.303422
2.055379 1.591000
4.665835 1.671239
3.784481 1.048549
1.478604 0.890296
1.556864 1.227772
0.631346 1.011265
0.808067 0.865959
4.721912 2.047224
3.437358 1.814947
5.864700 0.926582
2.127991 0.907463
0.616571 0.964767
2.104485 1.391166
2.274290 0.941707
2.704644 0.980995
5.783930 0.571646
1.268091 1.144241
0.764869 1.244146
4.119820 0.753563
0.798444 1.110855
1.428903 1.353462
0.833248 1.380513
19.554577 0.927281
3.030185 0.997653
0.998391 1.056739
0.420580 1.391131
2.357472 0.773800
2.655030 0.987931
0.518852 1.619027
1.583843 0.949084
2.254256 1.076206
5.917516 0.882403
1.298253 1.093214
2.203157 0.765896
0.635462 0.913150
4.099839 0.794463
10.924723 4.502748
1.270925 0.803174
1.229521 1.058199
0.710866 1.180489
1.434337 1.109948
1.680813 1.613121
1.272935 1.680318
0.786346 0.844041
1.454837 1.065798
3.049110 1.485446
2.493477 1.082915
0.800066 0.927865
2.913300 0.686167
0.459237 1.093764
4.268210 0.917855
1.674768 0.976731
6.596970 3.062357
1.227550 0.867775
0.728494 1.297186
7.005075 1.891812
2.358344 0.913824
1.012553 1.315365
5.394329 1.065115
0.976960 0.965463
1.737946 1.056412
1.572714 1.807952
0.397891 0.815300
2.051815 1.170306
0.699870 0.919557
0.447702 0.908131
0.909077 1.285392
0.808434 0.851950
3.682902 2.701596
2.167999 1.132300
5.752498 1.139618
3.707789 1.071243
1.714246 1.476717
0.986712 1.062923
7.074942 1.183764
3.802920 1.526522
2.323531 1.593750
0.910765 1.689174
1.161662 1.073760
8.294474 0.956518
8.440037 1.748936
2.475582 1.691395
0.973735 0.971515
0.418053 0.974368
3.811066 2.399265
9.029165 0.732446
9.814863 1.249946
5.723036 1.841302
5.720827 0.901413
1.079065 2.208934
1.468518 0.974874
0.669909 1.418532
4.784596 0.719658
0.462498 1.020605
0.954745 0.927726
1.788246 0.976401
4.010445 0.748381
0.525600 1.322600
1.533565 1.308077
3.145358 1.776906
2.048446 1.357701
0.163180 0.980924
1.900062 1.705229
2.965798 3.846420
2.055831 1.143963
0.599232 1.320233
4.562486 0.816927
1.907242 0.988619
1.980342 0.979740
0.914540 1.240250
3.291410 1.167896
1.903453 2.858891
2.677315 1.932835
12.925473 0.721049
1.303157 1.606007
1.816742 1.114971
3.324862 0.828177
1.116947 0.990989
4.066715 1.247152
0.768469 1.179163
0.478388 1.326894
15.905194 0.355821
1.629401 1.575272
0.346386 1.116456
2.851418 1.484224
5.168767 1.219947
2.751906 1.581330
7.435962 0.742248
1.930812 0.944529
1.510917 1.091490
2.421881 0.866617
0.675490 1.036470
2.864096 1.164562
1.278315 1.060576
3.337630 0.970954
0.476795 1.007376
0.996396 0.988434
0.550502 1.004765
3.336469 1.021767
0.138657 0.987207
1.342620 0.910154
0.617652 1.039876
2.425225 0.908489
3.747933 1.758275
3.452277 0.818118
24.618819 2.406822
4.750516 1.684027
1.214486 1.229176
4.516083 5.058766
6.266427 3.992903
2.769348 0.680773
0.689475 0.827690
1.510864 1.068391
0.820271 0.918388
1.872341 1.158527
3.228282 1.272458
1.160027 1.464962
1.874349 1.121969
3.666572 1.302144
0.353594 1.050905
8.128769 1.690998
1.525700 1.159257
0.321335 0.976428
5.927359 1.122062
1.776693 0.903576
1.532027 1.144038
2.484900 1.317186
1.427567 1.595408
2.191867 0.957514
0.723390 1.026688
1.088363 1.093129
5.071478 5.440630
0.660042 1.340261
5.711385 1.086411
0.372914 1.318790
2.106323 0.982825
0.493393 1.892310
0.569001 1.059581
1.369261 1.086664
2.346051 1.901556
1.308115 0.942829
1.186449 1.280570
4.265851 0.911869
2.292521 0.870220
2.539419 1.465230
7.277800 0.440685
7.709791 0.802105
2.136182 1.613765
5.550864 1.991223
1.886821 1.023801
1.199938 0.905648
0.634696 1.249226
4.130264 1.259414
0.487982 1.211203
10.069899 1.770035
2.036355 2.043164
2.111795 0.943622
7.415746 3.164826
3.569328 1.132011
8.524830 1.093595
1.068057 1.123865
2.121422 1.008187
5.144686 1.010204
1.367712 0.812938
5.628760 0.977426
0.841808 1.141315
2.392521 1.313647
0.778179 1.217923
0.452961 1.009251
5.586905 0.999023
0.986799 2.107048
0.526809 1.449079
1.757648 1.562061
0.497734 1.047690
5.753320 0.881220
0.512107 1.079491
1.943987 1.103332
0.347513 1.135694
0.870961 0.999667
1.095790 1.071098
10.756025 0.998379
0.273630 0.895056
2.765141 1.856352
1.030011 1.141483
0.507799 1.027087
0.614044 1.441229
5.439853 0.829689
2.802560 1.171830
1.055904 1.111529
7.829256 1.360815
8.306608 2.429903
2.026191 0.631896
2.064252 2.668335
1.382086 1.608459
2.948666 1.746094
9.531655 1.975213
3.291879 0.981550
0.466995 1.138547
2.375023 1.014939
1.786520 0.727377
1.530090 1.685499
2.095169 1.647969
1.567949 1.841907
0.262566 1.126690
0.801629 1.028755
0.488392 1.118958
9.588966 4.285971
4.261774 1.399206
0.826362 1.019935
0.667595 1.046772
5.909882 0.818770
1.526156 1.010389
3.984713 0.687540
1.943796 1.004429
36.530487 2.486830
0.653336 1.696703
0.559340 1.125800
1.712349 1.996382
0.666576 1.171234
3.003454 1.869423
4.142180 3.196017
2.640139 1.759048
0.522719 1.327544
0.937644 1.123476
9.005137 1.589409
2.924145 0.754318
2.172331 0.938395
1.914186 1.086587
4.975248 0.972441
0.526939 1.311471
4.859979 1.321814
0.994000 1.174633
6.749762 0.940269
1.035415 1.383748
1.519005 1.213849
1.284391 1.150694
0.983283 1.180195
1.551339 0.912227
0.611086 1.038670
4.819740 1.110663
0.461430 1.726690
0.543662 1.419493
1.904449 0.809462
0.851461 0.999624
1.278073 1.466612
1.311418 0.976440
0.613090 1.184609
0.241068 0.992984
1.492299 1.702944
0.805415 1.085398
1.239745 1.019880
5.112120 2.211350
1.392121 1.413452
5.911829 1.073854
1.005336 1.689898
1.341303 0.905326
0.988712 0.966265
0.638022 0.900615
1.797824 2.680938
12.699220 0.804306
1.524528 1.018505
3.284513 1.210043
2.845034 1.507883
4.967200 1.931850
2.408989 1.073137
8.072948 0.857909
9.542600 0.853273
2.315654 1.630527
0.254852 1.265629
1.433935 0.859447
1.582550 1.165549
0.742178 1.188806
1.930213 1.002612
0.739310 1.038629
0.989567 0.864989
0.357932 1.377113
1.871025 1.106068
2.699645 1.277716
5.418802 0.826164
0.124682 1.168921
1.327216 1.636536
2.591848 2.485880
1.061257 1.010739
1.801816 0.855635
0.608509 1.025778
1.191922 0.857062
2.581771 1.087187
1.535322 0.987087
17.543672 2.083548
1.443194 0.869654
4.902900 0.725823
2.664367 2.180818
3.301879 0.779175
1.430012 1.464937
3.561646 0.690427
1.681882 1.494024
0.710599 0.932843
2.315043 0.835259
3.363394 0.862212
2.154874 1.200677
0.708318 0.903467
1.319292 1.003712
4.917383 2.283611
1.964145 0.969839
3.635004 1.234709
2.020189 1.091351
5.653112 1.076240
2.750186 0.901239
0.529984 1.148331
2.097391 1.127685
0.581032 1.680304
0.741840 0.845950
8.114958 0.513930
1.797957 2.063625
7.453120 1.032329
7.171121 0.522480
3.320635 16.343429
3.884007 0.968011
1.497825 2.038467
1.586505 0.871155
1.487765 0.955253
1.511467 2.200615
0.640049 0.896244
10.187716 0.870437
2.124021 1.088334
1.573220 1.091406
2.233132 1.820205
2.009192 0.820449
1.255654 0.940222
8.974326 1.365474
1.408979 1.003773
1.358065 0.888705
0.681917 1.017759
1.079560 0.950936
0.560387 1.195567
0.333595 0.902970
0.078923 1.100976
3.671575 0.899466
3.890481 0.654880
1.334983 1.304896
0.738981 1.289466
0.746985 1.023439
4.412602 1.131242
1.027242 0.967655
1.587819 1.251083
6.094605 0.824408
6.364681 0.794276
0.546104 1.101635
1.053146 1.065294
2.714357 0.879681
9.073703 0.838981
2.040946 1.013061
4.444593 1.158472
0.361686 1.058037
0.848362 0.921427
1.611615 1.033252
4.606623 3.549764
0.208330 0.929909
0.628627 1.103216
1.121463 1.086852
0.228204 1.051381
2.075705 1.342531
0.216400 0.986443
0.685244 1.221382
3.300301 1.097922
0.827327 0.943142
1.146957 1.157573
0.936211 1.468954
1.967091 1.056514
1.546748 1.280561
0.719104 1.080772
0.962862 1.322279
0.838963 0.985825
0.616603 1.006639
0.412812 0.946811
0.749984 1.842789
0.421081 1.073261
0.575303 1.174253
2.791761 1.679293
1.855507 1.364364
0.879754 1.277308
0.858672 0.787199
9.442809 1.101399
0.966277 1.046343
1.049061 0.940405
2.139487 1.901906
0.306777 0.977064
4.646163 0.810477
1.082946 2.691613
1.226230 0.945251
4.395281 1.052652
3.242053 0.949498
6.122259 2.162645
1.650777 1.182611
0.522312 1.011889
3.787505 1.744982
1.900028 1.318650
8.327336 0.580349
11.204876 0.540255
6.713091 2.784256
1.690920 1.433468
4.677286 0.754769
1.975296 0.849155
0.262877 1.194262
2.632357 1.012823
0.957709 0.944845
3.849288 0.891862
0.592609 0.919448
1.934402 2.268057
1.545547 1.138930
4.869174 1.546135
1.226561 0.990013
2.322570 1.639376
4.251411 1.154426
3.109609 0.820352
7.181653 0.712815
3.148303 1.344981
1.143922 0.866680
0.619622 1.158096
1.710753 1.000431
1.709057 1.040244
12.322707 0.679354
3.882278 0.918680
1.544336 1.206999
0.203033 1.106745
3.268611 1.688782
2.433577 1.097724
0.646155 1.292501
2.238382 1.248289
1.651531 1.669994
3.982585 0.546990
0.856686 0.908630
3.437410 0.811105
2.617001 2.205214
7.701304 0.561573
0.752027 0.873578
1.051328 0.993916
0.302267 1.250256
1.554171 1.001506
0.922401 1.112659
1.728442 0.860772
0.237318 0.959524
7.047877 1.200553
9.590520 0.884435
1.363922 1.133292
1.447764 1.326635
0.593323 1.195531
4.226166 0.870256
1.209187 1.056333
0.493113 1.215366
0.896808 1.266386
1.382275 1.770316
0.886456 1.065384
2.605429 0.837027
1.788784 1.116494
17.025422 0.921828
1.555745 1.306870
4.881754 1.309184
0.844905 1.147572
1.434347 1.558660
1.058197 1.176578
1.586930 1.361974
1.495246 1.676351
0.432706 1.037452
2.404862 0.884836
4.460889 1.082740
2.518929 1.116794
1.511795 1.058651
2.041958 1.123682
1.661227 1.226495
0.703943 1.053245
2.175400 0.798587
1.464159 1.288511
1.955990 1.656480
1.021508 1.102311
0.940701 1.330354
1.122350 0.985373
2.555754 0.729939
0.863039 1.039273
4.886913 5.186943
1.021620 1.474823
2.329219 0.864087
1.621152 1.277007
1.396046 1.177265
5.277043 4.252948
0.138029 1.230044
0.919611 1.141187
9.704917 6.290014
1.177373 1.047775
3.205295 1.537154
1.506857 0.871986
0.969381 0.955101
2.054155 0.693218
10.156001 1.023646
12.915666 0.429899
1.269679 0.883820
4.426634 1.227679
1.499888 0.997082
0.509914 1.155573
1.473441 0.729263
0.886204 1.154270
1.908892 0.872195
1.226492 0.908970
0.936862 0.970313
0.322044 0.961082
1.333639 1.126403
1.255822 1.148291
1.039560 0.986353
11.746685 0.430753
0.444362 0.885784
0.534887 1.200877
12.269916 1.295265
0.982261 1.038603
0.947025 1.232171
2.595857 1.021550
3.680974 0.792790
0.373631 1.009529
3.551535 1.419178
3.528233 2.180966
1.359173 1.329494
15.292857 5.352171
2.239686 0.813063
0.499522 2.143754
0.528924 1.545527
0.457443 1.105861
0.941055 1.291651
0.830296 0.999746
1.697309 0.925199
0.971979 0.815098
3.612734 0.839432
0.714036 1.295079
1.042591 2.026861
0.798936 1.162334
0.928785 0.980968
2.607909 0.850096
2.559332 0.842310
1.075864 1.020006
0.692235 1.613839
0.839372 1.074297
0.655344 1.011834
1.218434 1.246915
1.415070 1.027588
1.822539 1.170560
3.605248 0.742121
0.635760 1.068403
2.934587 1.078880
1.590256 1.322671
6.558096 3.098784
3.146012 0.973047
0.768302 1.099134
2.203177 1.231441
0.268046 0.963144
0.883503 1.151932
4.091539 0.772313
5.027068 1.693161
0.663929 1.256891
1.587584 1.090238
1.254993 0.821124
0.878353 1.007453
1.636436 1.306207
5.977499 2.213276
0.947709 0.949064
2.800720 1.553204
3.538234 1.144341
2.916193 0.835300
0.452819 1.036172
4.134880 3.141313
1.275500 2.633831
3.153846 1.020637
1.637112 0.864735
0.502691 1.182396
1.351276 1.062908
0.542540 0.960296
1.557569 1.270058
1.887765 0.927973
7.355177 2.333720
1.750634 0.878521
0.629996 2.825196
0.984677 1.512094
3.641121 0.977786
2.255635 1.505323
0.860403 1.100688
2.051144 1.126299
3.662357 1.565665
0.680552 2.117815
1.373193 0.908027
0.691247 0.940738
0.514185 0.962358
7.392595 2.948167
0.658886 0.860518
5.636377 1.692250
1.093143 0.871604
0.828836 1.934439
2.748759 3.433908
2.322084 1.325879
1.283644 1.079238
1.328824 1.588828
3.977986 1.018615
0.441867 1.941091
1.728577 0.904984
1.374745 0.828890
0.732092 1.148917
3.050699 1.019706
3.260113 1.349323
5.968191 0.842259
4.385130 0.900539
0.894715 1.207547
2.640387 0.966220
1.378335 1.001621
1.143402 0.926801
1.104691 0.925596
2.247028 1.803799
3.742099 0.859624
0.413135 0.983113
2.637722 0.754980
3.579440 1.444894
0.357102 1.012096
6.668730 2.593646
2.077661 1.526675
1.138963 1.264162
2.578872 2.179919
1.689658 0.958147
0.265435 1.218963
1.952231 0.837753
1.338565 1.384782
1.072798 1.607590
1.005419 1.651118
0.719405 0.996733
1.543582 1.697973
1.647903 1.059685
3.292653 5.645459
1.536955 1.017549
1.624705 1.329046
0.518077 1.036544
1.181681 1.053933
1.293344 1.882970
6.792675 0.816274
0.695919 0.947122
2.052050 0.935894
0.828045 1.395911
0.978145 0.893958
11.439141 1.394209
1.459569 1.223936
4.736291 1.328311
14.746368 0.881713
0.785549 1.481262
2.251363 1.329936
1.140371 1.063155
2.765972 1.270639
0.797868 1.020997
4.172187 1.045293
0.640216 0.943713
0.845452 1.399117
0.427011 0.931754
1.568473 1.694281
1.306018 1.376760
1.887438 1.444880
0.535543 1.031299
1.010286 1.173348
2.925053 1.758971
0.711681 0.978174
0.589069 0.949458
1.089747 0.952262
3.858484 1.418582
1.794097 1.043847
1.541105 1.483665
1.037795 0.964807
4.676154 1.100607
4.966627 1.030439
3.737013 1.069915
2.480890 1.169598
1.743521 0.779520
8.624969 0.640274
0.769015 1.224461
2.825237 0.632927
3.167936 0.877461
0.730161 0.932994
0.772741 1.556593
0.489338 1.021026
0.823122 1.206113
7.682027 2.285457
5.838423 1.050355
0.947305 1.164217
0.942977 1.110263
8.753416 1.216691
1.870787 0.858475
1.284581 1.143716
3.478063 0.815161
0.785065 0.933908
1.469837 1.513794
0.575030 1.054088
1.802629 1.597932
0.597177 1.265153
0.479622 0.984268
22.960043 14.393847
0.416439 1.179378
1.432829 1.969615
1.467775 1.138625
14.915276 0.570758
0.862209 1.076985
3.713760 2.665399
1.171409 0.960020
1.318723 1.446331
0.662954 1.674853
4.879085 0.917131
0.529564 0.918000
0.900085 1.017726
0.637796 0.953869
1.557027 1.767532
8.348385 2.242665
2.033932 1.243996
1.536351 0.955636
1.448537 0.979735
0.659184 1.009586
2.545130 0.912286
1.551089 1.021713
0.661295 1.077262
5.268056 2.552610
0.869571 1.142134
1.368944 0.993556
1.124511 1.212477
2.497054 1.888716
4.117583 2.125340
4.991695 1.443897
2.217110 1.719992
3.163494 1.515724
1.706414 1.153384
0.691860 1.002271
0.605755 1.304472
0.539412 0.963699
0.600317 1.041033
1.410078 1.432762
1.244773 0.876444
0.823756 1.265584
2.143288 0.961716
15.689126 0.372414
1.371933 0.994911
0.311069 0.984094
2.505042 1.158040
0.776377 1.237060
9.603383 0.584829
1.118756 0.874199
0.804089 1.079556
1.399497 0.898321
3.906882 1.189863
1.624867 5.799103
0.802627 1.112495
12.621753 0.798505
2.633115 1.456073
1.366762 0.917891
1.927650 0.918890
2.080787 0.868841
0.690837 0.887539
2.518384 1.077774
1.357285 1.030155
3.889676 1.606010
3.033840 1.921495
1.245304 0.916898
1.052762 1.442617
0.949699 0.949562
7.089272 1.869309
0.691205 0.920281
0.264871 0.965606
0.919763 0.937907
5.488245 1.025266
1.093477 0.943388
6.526996 2.183656
4.280919 0.751232
1.750260 0.834401
4.752518 5.495098
6.195014 1.447798
2.335222 1.035209
4.408065 0.736146
2.688533 0.836592
3.443231 1.137236
38.483600 0.508864
1.709999 1.163796
2.004056 0.851082
1.428751 0.983099
0.879048 0.894515
0.632513 1.137329
1.965408 0.928936
0.654825 1.422393
0.458328 1.212829
2.021401 2.234137
9.366313 0.680300
2.342558 0.999152
0.536237 1.022350
4.177691 1.305907
1.884914 2.097177
1.996506 1.027056
0.305951 1.127225
1.437769 0.835019
0.973022 1.016271
3.214229 1.148419
6.806467 0.740180
3.150450 1.273869
1.021886 1.065339
4.909048 7.495866
0.624538 1.216112
0.948419 1.320481
1.813688 0.981272
0.591666 1.299498
8.656131 1.593089
1.322540 1.490031
3.823311 1.957428
0.520660 0.958281
3.120255 2.617425
2.805913 0.851867
4.380960 1.172963
2.536773 0.917860
1.605120 1.071625
3.468848 1.485022
0.553748 1.294014
2.199611 1.600955
0.389908 0.985235
2.105818 1.197812
1.846511 0.898465
3.018395 0.865224
1.944132 1.867349
0.777467 1.000347
0.956444 1.147670
3.586185 0.690366
1.071307 0.965537
2.356431 0.813306
7.163221 0.842364
1.548184 1.125829
3.677425 0.679708
1.200987 2.157519
4.438359 1.199500
0.813781 1.151795
1.792533 0.989969
1.595648 1.291141
0.961917 1.361840
0.420080 1.057641
3.860970 1.178325
12.465226 0.826033
1.028180 1.420254
0.480350 1.165718
1.408055 0.989467
3.389294 1.209229
0.440484 1.957719
2.454855 2.778064
0.904632 1.115080
0.533633 0.998819
0.910930 1.579082
0.996952 0.927649
1.530194 1.310441
2.326409 1.205459
1.687127 1.023685
7.289433 1.163470
1.124978 0.907178
7.835674 1.236128
0.792144 1.122750
2.074178 1.934680
0.565845 1.061507
0.475490 1.547277
1.575307 1.024781
0.764978 0.979850
0.993212 1.068549
0.600586 1.152608
0.580994 1.062396
1.164265 1.288486
1.675679 1.006809
1.302450 0.860672
0.579822 0.813920
9.699724 1.239923
1.179381 1.225988
0.682814 0.831143
0.676313 1.031747
1.659676 1.713773
1.144124 1.261393
2.735223 0.849129
1.282229 0.984582
3.345704 1.258822
0.945709 0.816444
1.014798 0.949614
3.643877 0.795468
5.154682 2.992326
1.846776 0.998915
0.410926 1.044083
1.502130 1.471800
2.200094 1.923436
0.656407 1.211621
2.721472 0.586355
2.349593 1.205566
2.045419 1.661487
1.538263 0.995074
1.266973 1.398777
6.316862 2.980474
3.669606 0.856463
1.021349 1.663522
1.193006 1.207605
0.656035 1.126426
4.389632 1.186661
1.065755 0.917650
0.555802 1.357476
11.097414 0.752613
0.610478 1.194489
0.583938 1.104016
0.243086 1.007926
0.989335 1.088128
0.618168 0.860166
0.143094 1.148519
2.012974 0.991356
7.760777 0.772441
1.186352 0.860539
0.956780 0.990950
6.285659 1.086710
2.610481 1.323117
3.466613 1.094910
8.122690 1.576607
0.595254 1.438654
0.829591 1.343376
9.919111 0.698096
5.881625 1.175680
0.463968 1.103322
1.226416 0.978782
6.752778 0.812557
0.720364 0.897211
2.917466 0.779464
1.145750 1.133292
6.530305 1.619403
2.035557 1.181178
0.629067 1.014794
5.602539 1.829933
3.753384 0.755338
1.347381 1.220881
2.626438 1.889025
1.235270 0.987203
1.477307 1.336375
1.831117 0.822178
0.506101 0.953804
12.344579 1.375079
4.038648 0.775258
0.513409 1.691442
0.908809 0.943950
3.785846 1.137410
1.076115 0.893417
0.758584 1.176745
0.491337 1.281591
7.745965 1.634014
0.767548 1.147902
5.169646 1.240359
2.709139 0.857847
0.748372 1.466902
3.394881 1.255674
2.948126 1.273427
2.953090 1.015074
5.476593 0.727825
6.386315 1.083807
0.648416 1.290710
0.318444 1.881493
6.573087 1.014784
0.488141 1.064773
12.187301 1.722221
2.785875 2.476930
0.646628 0.917959
0.399176 0.963077
1.535218 1.467058
1.336378 0.859959
1.024900 1.011329
0.766266 1.403877
0.808351 1.259133
2.430994 1.010028
1.230774 1.041628
5.398954 0.516405
0.847482 1.143485
7.362608 0.761164
4.746263 2.885587
0.976817 0.851103
1.102763 1.371109
0.906973 1.233494
0.594947 1.474754
10.735198 0.675325
3.230975 0.848694
0.441287 1.101665
1.216129 1.054289
2.169146 1.846604
0.850311 1.035793
7.629249 1.200150
0.382358 0.921351
0.708827 0.954059
14.586211 2.409556
4.404054 1.024922
2.762782 0.944178
1.777754 0.865160
1.574605 1.615459
0.913463 1.054477
2.322633 1.007702
1.269252 0.902164
0.886092 1.559296
3.075307 0.979581
1.602796 1.068185
1.310393 0.993043
3.688351 1.020436
16.054992 1.866300
0.431003 1.339372
2.505620 0.923599
2.279513 1.959796
0.551186 1.185535
1.021321 1.016825
0.477069 1.041353
1.688661 1.264003
20.558134 3.024805
3.768087 0.745297
7.061278 1.332071
0.129869 0.900238
0.244359 1.056004
1.088844 1.003478
1.406553 1.230701
9.160191 1.229317
0.102145 1.118785
0.615578 1.019670
1.071300 1.817136
1.355877 1.211588
1.270801 0.963566
0.875017 1.004983
11.560395 2.131925
3.708240 0.859943
2.901457 1.037910
2.909281 0.844992
1.119706 1.014998
5.124252 0.922860
3.055321 1.086886
0.800406 1.050747
1.460246 1.225123
0.500755 1.098818
10.418701 1.461160
0.770397 1.186526
1.324150 0.827481
1.139892 1.174141
1.217424 1.184172
0.370977 0.944676
5.749016 1.211578
7.307883 2.516703
1.490749 1.050517
2.917842 1.236150
4.489378 1.090790
0.578974 1.048272
0.662813 1.189878
2.724937 1.399045
1.218987 1.272880
0.595313 1.483879
1.109559 1.286300
0.520049 0.973987
2.777218 1.279938
3.804195 1.134738
3.433231 1.260711
9.462139 1.540727
4.101032 1.248342
1.565711 0.989077
2.545105 0.908794
2.394615 1.142064
1.817504 1.390974
0.640324 1.135746
2.290262 0.817937
2.318181 4.260371
11.234948 1.129090
0.406313 1.226429
0.279695 0.964416
1.259032 0.829844
0.548203 1.084985
2.747833 4.185801
1.569146 0.924480
2.543144 1.094608
2.092312 0.916042
1.076962 1.880465
9.660859 2.529941
1.130748 0.872234
0.258545 1.077376
0.196827 1.084931
0.632569 1.114662
1.816469 0.774896
1.045586 1.165510
0.165330 0.916908
0.699908 1.299494
0.680681 1.114474
0.423426 0.965518
0.762019 1.356191
0.588923 0.995440
2.124164 0.979237
4.591439 3.680314
1.969356 1.227360
0.865385 1.025623
2.642124 1.647745
1.779034 0.812493
8.175964 7.885899
15.916862 1.062657
2.430829 0.816209
3.628007 0.769092
1.663308 0.943165
1.474416 1.333347
2.329446 1.480591
0.729721 0.921666
2.575819 1.156043
1.721932 1.684888
0.610665 1.076651
0.202709 0.895303
2.693336 1.044945
0.609980 1.128968
1.055503 1.019941
0.915847 2.062381
1.049556 0.863790
1.545199 1.098920
2.062253 1.684925
0.606844 1.048696
2.474626 0.979242
2.267976 2.848609
6.169716 0.572333
4.139268 1.363497
2.076442 1.467139
4.973012 0.898391
9.310277 9.236412
3.331789 0.599059
1.080850 0.797887
0.679209 1.502284
1.307487 1.134746
0.950626 1.239965
3.389037 5.552984
10.453415 1.050071
0.579716 1.537446
3.339825 1.075204
0.685819 1.031066
1.156556 1.063256
2.267508 0.882737
0.967447 0.852678
2.090981 0.886584
4.147022 1.680570
7.410522 0.771085
0.632443 0.922395
3.828599 1.191938
1.021376 1.348605
0.963454 0.808888
1.392666 1.194890
1.202088 1.305884
7.494023 1.054194
9.181293 0.738781
0.353216 1.714672
1.228043 0.860725
1.572461 0.935919
18.015853 0.919837
1.463899 1.241681
4.979871 1.253564
1.054812 1.235674
1.347239 0.884977
0.159571 1.155417
1.504771 1.219170
2.541773 1.012676
2.174960 1.370254
1.373791 1.128103
0.635852 0.844639
0.877595 0.983391
0.530750 0.990676
1.891841 0.896932
1.041806 1.016819
4.250882 0.982965
0.777446 1.139313
6.081305 8.277463
0.837736 1.280365
3.353013 1.055641
2.547329 1.109351
20.732843 0.358943
2.615787 1.624841
1.368103 1.400126
0.717193 0.907065
1.286299 0.988542
1.329701 2.072326
3.385652 0.969907
9.206225 0.735702
0.906235 1.052184
6.700330 1.492677
3.367111 3.332524
0.381771 0.987673
6.508489 1.246559
2.616809 1.488529
0.558781 1.418494
1.376498 0.937643
4.322611 0.625685
2.375002 1.222360
5.527193 2.460578
0.322291 1.029861
1.334558 1.066003
3.245375 2.046025
7.406534 0.872392
0.669014 0.975834
2.122486 1.390830
0.032771 1.004084
0.755677 0.966942
0.722321 1.070523
3.466620 0.805276
0.999075 1.146345
1.385565 1.082821
1.936262 0.741266
0.916930 1.105359
0.907939 0.955847
1.465803 1.520283
0.930288 1.187136
1.123436 2.002045
7.869079 0.626353
1.223683 0.823943
0.689782 0.953714
2.021903 0.793915
2.461540 0.942878
2.982715 1.173929
0.696572 1.043748
0.617338 1.240827
4.164876 0.893954
2.655916 1.529984
2.631422 0.884957
1.135560 1.146455
1.009980 1.689975
1.342860 1.147522
0.341336 2.255009
0.773513 1.170570
1.566115 0.803162
5.195460 1.326361
0.416048 1.493675
6.565726 0.598866
4.324256 1.215715
5.356246 0.702610
1.215715 0.946761
0.879166 1.013052
2.082815 0.801670
0.593280 1.101476
2.608798 1.244216
1.682088 1.342201
2.648584 1.156254
4.260218 2.768889
1.809658 1.408025
1.017679 0.877987
1.464256 0.960774
0.776671 1.352977
0.905716 1.010014
1.204228 1.010636
1.252463 1.067994
0.934475 0.954555
0.807371 1.025738
1.125629 1.367469
2.530536 0.983368
0.443075 1.588973
5.859998 1.834117
2.186030 0.983210
3.949899 1.132930
4.586772 1.897664
2.013868 1.182243
2.982377 1.084923
0.575708 1.609942
15.444929 0.996103
2.046608 0.824779
4.782621 0.960540
0.860724 0.782120
1.281588 0.858986
1.864361 0.876264
3.862675 0.829117
1.284448 1.096406
0.197315 0.963864
7.326672 1.283960
0.381710 1.219778
1.906096 0.999016
3.018096 1.249780
8.071283 1.569395
0.569046 1.140472
2.726083 0.776568
0.851485 0.911680
0.601986 1.021853
1.557966 0.922273
2.037870 1.142421
0.462376 1.504420
0.254980 0.961109
0.683515 1.078427
1.201213 0.869544
1.263823 1.028705
3.300307 0.735962
3.594013 1.487185
14.308174 3.389410
0.829779 1.153917
0.338783 1.122696
0.551847 1.636593
0.365450 1.038981
0.408116 1.058550
5.518059 1.073477
1.087674 0.930411
0.716547 1.045296
4.411544 1.122072
9.407306 0.616939
3.105000 3.088102
1.215047 1.011464
2.187542 0.829109
4.900610 0.802050
4.284352 0.843443
1.242666 0.989668
11.351175 0.620103
0.224827 1.113098
3.094580 1.099656
1.361773 0.842731
4.170220 1.034556
0.186771 1.179107
1.094480 0.863249
1.377851 0.863448
1.136680 0.903670
4.464854 0.846658
4.670117 2.053797
1.071349 1.002276
13.134913 0.559510
1.600584 2.069137
2.018673 1.365119
6.660792 0.963827
2.118423 1.567662
3.121189 1.357742
5.578556 1.252643
0.785693 0.963182
3.204742 1.480298
11.658672 1.052311
0.939573 1.183912
2.250630 1.159284
0.165520 0.961100
0.703542 0.880399
2.766606 1.621494
0.523178 0.882163
0.877089 0.832425
1.002273 1.242900
4.007644 0.939362
12.630884 0.919339
5.534567 1.349099
4.017945 0.862182
0.727275 1.417505
2.087243 3.407515
3.529689 0.794604
11.013118 1.463131
4.364024 1.242435
0.666432 1.022332
1.866381 1.592946
1.183753 1.535532
3.777437 0.934284
2.782870 0.844056
1.738869 1.157864
0.175718 0.928320
1.242717 1.107614
1.829264 1.165135
0.170536 1.108261
1.767080 1.387453
5.246999 1.275889
1.806863 0.899994
3.247549 0.742719
10.516356 0.681114
2.255137 1.949560
2.067155 1.249049
0.182529 1.167722
2.161006 1.280788
8.011433 0.537600
7.294563 1.610485
1.577409 0.797725
2.610134 1.199934
1.283290 1.227059
6.492582 1.078122
0.887046 1.109476
2.309960 1.769366
1.901504 2.324589
1.691682 1.783828
2.137064 0.939238
2.071256 0.801803
1.294930 1.439827
2.664365 2.619407
4.508321 1.511918
0.854033 1.414993
3.150176 2.258449
2.777967 0.983434
4.970896 2.636198
9.310249 1.108444
7.197238 2.270712
0.931889 1.585452
0.685480 1.748922
3.522015 0.658667
1.141250 0.946221
3.736638 1.544319
1.588236 1.903215
13.344256 0.560998
1.501232 0.939263
4.363874 0.950813
0.362324 1.050775
0.414910 1.179578
1.122806 1.198097
0.403287 1.245474
1.029265 0.912905
2.448836 1.010868
0.424450 1.110516
1.182310 0.979335
0.987052 1.351073
7.871455 0.857793
0.859332 1.129333
0.480764 1.652130
2.052933 0.958322
1.778119 1.173152
0.654585 0.932327
0.806845 1.099749
0.840277 0.797707
0.847935 1.139899
1.386083 0.868586
7.974854 3.237935
0.646063 1.163537
1.340426 0.962299
1.357644 1.050540
0.462052 1.169596
0.790209 1.221387
0.403976 1.101608
1.935829 1.196975
0.590059 1.201832
7.759161 0.936042
0.499023 1.076852
1.225263 1.012861
0.943384 0.989148
2.465918 1.366539
1.344105 1.021385
5.380338 1.401174
4.365688 3.753446
2.890266 1.086628
0.487349 0.891673
1.157733 1.183477
2.206121 1.272455
1.100413 1.294464
5.646687 0.606296
2.345131 0.997175
1.786771 0.949312
0.727692 1.546110
0.953667 0.904803
2.063420 2.368205
2.912084 1.165130
2.426183 9.383722
0.846838 1.109582
2.102929 0.956146
0.855222 1.180337
4.171149 1.400877
0.458178 1.124378
10.137098 2.149051
0.567384 1.380697
1.886443 1.925627
0.675934 1.020366
3.145681 1.349528
1.181130 1.110264
1.325966 1.104276
1.133228 1.403026
0.358711 0.973797
0.642303 0.982044
0.852927 0.928924
0.492771 1.191170
1.609707 1.226208
0.881103 1.739852
4.600829 0.749801
1.538788 1.010419
3.144801 0.779450
1.156512 0.916823
0.709261 1.043957
1.032658 1.424633
1.061612 1.717802
1.795743 0.954079
2.328271 1.031492
5.208017 0.660158
2.011766 1.101087
4.656483 0.843025
5.665029 1.425050
0.702190 0.988636
1.782090 1.033504
2.414342 0.901982
1.596944 2.008443
0.851976 0.858529
3.827189 1.471541
0.918347 1.581267
10.332175 0.916633
1.370420 1.006781
2.151186 0.777585
5.349461 1.018502
2.764747 0.852904
1.936701 1.322615
1.752584 0.969021
0.761348 0.854191
1.335161 0.877648
1.003179 1.014940
1.581259 1.788396
2.328711 1.632243
4.613184 0.904871
0.620381 0.939058
1.279137 1.067023
0.601890 1.959273
5.472010 1.935378
1.459283 2.460547
2.175793 1.845248
0.751945 1.231318
2.727515 1.091364
0.663561 1.226482
7.048826 1.007802
1.537858 0.992079
2.334314 2.086787
0.718090 1.058761
0.222496 1.225850
1.906538 0.821959
6.257969 0.923850
2.086729 1.344472
0.213562 1.022678
0.443911 1.232833
0.973592 0.921576
4.206124 0.961741
0.834456 1.003796
1.105467 1.224319
1.595682 0.881381
1.645432 1.140895
0.647540 1.856884
2.085469 0.922552
1.600586 1.150610
1.051874 1.274118
0.936259 1.018319
1.413033 0.967744
0.931373 0.929068
2.103671 1.072826
1.433160 0.930034
0.750240 0.986945
1.381401 1.263895
1.215683 1.434450
4.055034 1.295780
0.845008 0.921490
11.554787 3.418024
1.883918 0.915469
1.343414 1.961935
0.394745 1.333468
0.547144 1.214603
0.473430 1.148945
2.113908 0.892524
2.164551 1.685324
1.757474 1.029042
2.206426 0.822309
1.784012 0.996786
1.789952 1.311223
3.010362 0.971474
0.552555 0.952139
2.824059 1.949527
2.127464 1.385244
1.655422 1.057001
2.654773 2.346986
0.816230 1.599511
0.179524 1.208809
4.431458 1.462968
1.411126 1.154197
2.032661 1.008500
1.515612 1.048896
0.394446 1.604499
2.000954 1.003596
2.422401 0.861659
0.637871 1.021878
2.110049 1.298485
1.167949 1.222719
1.247397 1.349717
0.812106 1.159489
3.376204 0.897219
0.604002 1.092461
0.802609 1.129509
3.047275 0.986755
0.997577 0.918846
3.243904 1.190034
5.453724 0.590957
1.380540 1.093814
1.174496 1.184302
1.088565 1.173250
0.978869 1.513854
28.561327 1.635276
0.767306 0.894190
1.304829 1.160096
6.066490 2.471556
0.859827 1.120114
2.518712 0.811213
0.402290 1.025344
1.196513 1.086007
1.255565 1.086459
1.342770 1.254649
1.249366 1.123860
1.392975 0.893508
0.623442 0.890522
2.944055 0.949839
1.706671 1.086266
9.533316 0.971651
4.123736 1.746103
5.505344 0.907997
0.494419 1.200124
0.897183 1.300591
1.319903 1.010103
2.824925 1.190813
2.085610 1.258977
0.488267 1.074994
2.804135 0.883686
1.042230 1.103795
1.651395 0.976311
1.010053 1.414366
1.248886 1.143460
0.615911 1.023830
2.275372 0.924660
2.280276 3.920689
1.491450 1.291960
0.636973 1.470874
5.909900 0.830919
3.960878 1.348984
0.908791 0.891543
3.389113 1.148841
1.543069 1.655144
3.003203 1.051930
1.037346 0.969323
1.150239 1.180577
6.185391 5.913026
2.016745 1.384477
5.230599 0.971559
6.120121 2.915420
1.222327 1.197387
4.944113 1.187640
0.646370 0.955151
0.818855 0.824482
4.797796 2.144955
3.539370 0.690237
0.968221 1.152511
1.563412 1.355295
0.689113 1.010436
1.705074 1.205637
0.380287 1.019381
1.490744 1.052121
1.276699 1.241124
5.113492 3.388616
0.833835 1.157660
7.292841 1.037631
1.897298 0.899373
0.629753 1.324556
1.232800 0.903532
0.919408 1.119683
1.422684 0.800427
3.599118 0.894998
0.672216 1.294785
0.529393 2.073138
1.839053 0.860214
10.203453 0.718069
0.266762 1.064667
1.731966 1.336726
0.951606 1.077390
0.477089 1.002675
0.702758 1.084573
0.813086 1.128666
2.781332 0.879423
1.647455 1.511853
0.434569 1.048842
2.910845 1.342054
0.658148 1.098284
0.723915 1.087378
5.668866 1.888926
0.486409 1.364360
1.274549 1.686604
2.079973 1.190000
9.956343 3.319070
0.869105 2.220231
1.879532 0.874164
1.121171 1.429020
1.001630 0.871963
1.270912 1.090972
4.105733 1.061963
5.562865 0.630767
1.174539 0.865536
1.361137 0.856755
1.240205 1.159418
1.301053 1.025424
1.242081 0.893205
1.383192 1.399464
2.214035 1.049051
8.730352 2.691165
1.584872 1.711372
0.580630 1.008206
1.599230 1.234839
3.344665 1.658553
1.781632 0.769693
3.240298 0.908382
0.680600 1.092580
9.191184 1.133374
1.246885 1.325112
0.259674 0.942113
2.825166 1.259962
1.974286 0.849101
0.794470 1.142304
3.727004 1.532266
3.264474 1.326194
1.204527 0.848825
2.571275 1.090227
2.717072 1.350752
6.796388 0.624678
0.990715 0.998070
7.319727 4.419197
0.592061 1.306433
10.290357 1.385396
1.034687 0.929517
3.191060 1.044927
2.681795 0.863915
12.639411 0.858719
0.312187 1.796437
0.691290 1.525762
0.645767 0.918847
0.717275 1.119651
29.473647 4.319338
1.163989 0.878768
2.558277 0.878881
2.645114 2.497423
12.736116 2.761049
5.902420 1.525556
2.668297 1.191090
2.802479 0.821065
2.334884 0.985743
1.103080 0.884346
2.094734 1.106895
0.397176 1.363881
1.306284 0.890935
2.126101 0.876404
5.548948 0.813344
8.521151 0.702063
0.452419 1.702250
0.796877 1.111906
10.992738 1.198555
0.865772 1.077751
0.576434 1.061955
0.097220 1.121954
0.237672 1.299741
2.309636 0.942543
0.133481 1.133605
1.256138 1.120809
0.973622 1.883390
2.746762 2.197040
8.178482 0.702066
2.521957 0.942661
1.668095 1.863402
0.774941 1.319269
4.978336 3.064975
2.996103 1.300638
1.077654 1.217651
1.443275 1.110300
1.141999 1.266617
1.468798 0.982102
2.070664 0.929819
1.124308 0.832414
7.995034 1.806083
10.547216 1.016207
2.273376 1.177124
0.938096 0.949027
3.957107 1.708162
2.991221 1.114073
5.539845 1.006272
9.413380 1.004965
2.745310 2.114623
0.205964 0.916365
1.160595 0.976458
0.702292 1.162466
0.748428 1.091678
5.994316 1.631505
1.009563 1.292749
1.898859 1.293230
2.247485 0.896185
0.636976 1.169727
0.736145 2.073919
2.840067 0.850400
1.132135 0.994331
1.572362 1.468659
2.655208 1.034555
4.292914 1.069544
0.047903 0.981121
9.981301 1.029389
4.963946 2.418791
4.035143 0.656698
2.865080 1.098890
2.384878 2.372180
0.813072 0.902872
0.916585 1.889437
1.959947 1.659502
1.068459 1.008528
1.820288 0.848671
0.434706 1.284119
1.509562 1.250371
0.672682 1.063929
10.071153 1.370521
3.520911 1.418546
1.062304 0.900060
0.609537 1.123200
1.680578 1.016518
0.110814 1.008286
3.667782 0.840440
1.734685 1.077291
1.802718 0.973859
0.824745 1.778886
0.804858 0.945510
0.564760 0.921471
1.271837 1.957503
2.678586 1.022075
1.461324 0.978155
7.004466 2.190349
1.274797 0.973166
0.997117 1.648528
1.306416 1.594139
0.476974 1.099608
1.521159 1.136922
1.172117 1.072778
1.484299 1.079491
1.273790 1.176981
0.536998 1.070152
1.872233 0.957816
0.783225 1.188563
4.503342 0.918006
0.833363 0.880632
12.820056 2.573756
1.955198 1.118469
2.182421 0.761849
3.555750 1.173969
13.229961 0.629250
1.744341 1.263885
0.795401 1.181773
7.415904 1.559953
2.508930 1.294906
0.761974 1.223146
1.142937 0.806188
2.270523 1.083408
2.789261 1.394068
1.677603 1.023899
8.202317 1.399097
1.106199 1.013929
0.616390 1.100632
0.614792 1.610682
3.749469 1.080582
22.763190 1.410104
0.646514 1.181248
0.857756 0.914163
0.263313 0.872423
2.139375 0.960471
2.783952 1.431272
1.690091 1.432134
2.712981 1.590569
3.453736 0.702522
0.940162 1.029692
5.923567 0.830979
0.954770 1.124455
0.176054 1.150348
2.054581 1.009147
3.599187 0.836689
1.782779 0.945861
0.618975 1.019716
1.286220 0.993284
6.151246 0.668454
0.923744 1.154204
1.768170 0.899816
14.730162 2.500721
1.094915 1.274794
3.431546 0.771864
1.024745 1.016777
2.148292 0.907280
2.236322 1.264305
0.747510 0.992075
0.894576 1.229791
1.112762 0.931212
2.743524 1.246081
1.446081 0.936221
1.632808 1.002703
6.960775 1.382986
1.972943 1.242340
2.562391 1.196514
2.272063 1.118454
2.546960 0.895116
1.363538 0.926000
5.200747 1.180735
1.700753 1.076277
2.975680 1.334031
2.214737 1.126121
2.033388 1.046830
0.203316 1.264113
0.886532 1.627561
0.794437 0.943740
1.851495 1.984147
0.741552 0.982402
9.437883 1.166495
0.835607 1.003385
1.726555 0.939638
1.551429 1.320322
1.167530 0.846887
0.648663 0.907831
4.924090 1.366264
3.806214 1.630159
1.930040 0.840194
1.092348 1.284649
2.276063 2.526149
0.781830 0.932911
2.177794 1.014771
8.915532 1.287705
0.713210 1.631528
1.525569 0.838464
15.962606 1.723511
2.731929 0.947708
2.025302 1.592065
17.067028 0.461698
1.218795 0.742018
1.137573 1.107739
2.456957 1.200434
0.775584 1.424437
1.585656 1.450822
1.286684 1.126095
2.516019 1.005212
5.728078 1.361354
2.101245 0.941569
1.314603 1.177711
1.427411 1.593213
2.213709 0.899767
0.658467 1.134101
0.692798 0.908755
2.301075 2.230556
0.976009 1.278966
2.665748 1.479676
1.169411 0.886841
1.460175 1.069696
3.707873 1.667580
4.543477 1.975123
1.273051 1.359548
0.535967 0.933326
0.477173 0.869119
2.572160 1.832715
1.923312 1.500659
4.862814 1.061136
0.461098 1.801692
1.390284 1.129444
3.780161 2.105380
0.747027 0.924962
1.447719 1.198236
2.327905 2.656408
0.850008 1.064894
1.370850 1.130169
1.288290 1.028906
1.195555 1.425231
3.113578 0.798605
0.197250 1.209302
1.475122 0.925131
2.903950 0.791376
1.333395 1.146877
2.554366 1.644637
0.693299 0.965444
0.614918 1.160698
2.364388 0.894311
7.036967 1.084753
1.716368 1.252410
0.533681 1.416889
0.671076 1.631813
13.847638 1.233774
4.154009 4.270996
0.772895 1.102894
2.340661 1.009652
0.926409 0.860224
7.872566 0.581779
1.359690 0.995188
1.265363 2.752217
0.295439 1.411703
1.625295 0.884685
1.155209 1.070255
0.591037 1.157232
2.469198 1.227948
1.418684 1.526219
1.006839 1.747267
0.489196 1.537302
1.589612 0.898336
21.208696 6.195073
1.006143 1.098783
0.831081 1.670611
0.299641 0.962376
0.463282 1.139330
1.400220 1.127544
4.888874 0.715511
5.251162 1.289953
6.227950 1.915138
1.926857 1.088461
2.538971 1.454436
1.073985 1.224903
0.970685 1.203991
8.378412 0.840206
4.333434 1.164592
2.314713 1.751360
0.973749 1.038532
1.184531 0.936382
3.735538 0.890484
1.946294 1.412520
5.813437 1.062491
1.346708 1.794832
1.337996 0.875581
7.376672 0.492141
2.249927 0.929903
4.931712 1.386874
0.757935 1.311250
3.904363 0.596756
3.575906 0.759481
2.444438 1.100014
2.733473 1.381257
1.105266 1.181683
0.321299 1.127601
0.735889 1.122538
0.774689 1.161550
5.161907 1.078803
2.292549 1.336494
1.589952 0.904823
1.693869 1.857845
1.406330 1.006310
0.230645 0.963376
2.081151 0.852049
5.778776 0.831735
2.306010 1.222564
1.006838 1.005592
9.259939 3.461337
6.812769 1.480128
1.872174 0.989524
2.150059 2.000534
11.852926 0.420545
10.029858 0.562818
1.212887 1.240615
0.970672 1.148006
0.477115 1.028729
1.817686 1.979387
0.895759 1.055218
1.073775 1.039482
2.528796 1.108498
0.661215 1.550688
0.490625 0.934185
0.450948 1.227123
4.533844 0.843751
0.916874 0.970895
1.541978 1.840952
1.087757 0.842000
2.161347 1.033488
1.403211 1.121526
0.820751 1.363651
1.279351 1.428730
4.594638 0.822113
4.279064 1.082032
5.073181 2.471982
4.346098 1.053133
0.120743 0.903859
1.287753 1.679401
3.931791 0.862982
3.285225 2.478831
2.063358 0.707874
0.710281 1.011062
2.599632 2.349125
11.017452 1.437331
0.858294 0.930157
4.385472 0.797533
1.042196 1.107199
0.615934 0.989741
1.165901 1.168209
1.924885 0.974212
1.226589 1.099419
1.536065 1.013388
1.524417 1.344736
0.873720 0.891216
0.475163 0.961090
1.000381 1.213879
2.921650 1.135218
1.469577 1.639911
0.311185 1.164385
1.707155 1.056364
3.946514 1.821912
1.537744 1.989207
1.470830 1.373890
0.978103 1.092395
2.777974 0.893168
7.641525 2.509644
2.184399 2.848839
6.427875 0.653151
0.448879 1.313065
3.513434 2.953596
2.317070 1.388405
1.554050 1.483611
0.536548 3.878377
0.930631 0.922005
0.476853 1.198152
1.460798 1.318629
2.935170 2.845279
2.938490 0.927763
0.676631 1.412735
1.749146 1.378504
1.203311 1.074691
0.970487 0.982698
2.445359 1.324281
2.081750 1.138129
14.300849 4.011551
1.951330 1.037939
1.314811 1.931156
0.995519 1.126125
0.469335 0.950222
1.002897 1.859010
2.914669 5.856185
0.851006 1.431369
5.518891 1.041290
3.117173 0.760187
3.064393 1.025146
1.617976 1.125953
2.166606 1.278487
0.830276 1.273065
1.222626 1.586588
0.234736 1.020457
1.073203 1.003272
1.087838 1.343223
0.936217 1.614811
3.721739 4.325551
0.982781 1.496449
0.556134 0.967572
1.500949 0.967012
0.739599 1.870710
0.831851 1.118891
0.940581 1.031103
2.659870 2.084317
1.035920 1.089775
4.434610 1.078841
1.353379 1.398240
0.270003 1.229302
1.428043 2.115262
0.973193 0.829484
3.663785 0.919616
0.837326 0.983221
14.431178 4.639265
0.810168 0.883632
2.105719 1.077698
8.993519 2.228196
2.373318 0.922168
1.232512 2.346793
4.096660 0.674487
0.520557 0.928393
1.020796 1.490323
5.945285 1.894458
2.041075 1.546986
2.761513 1.109925
5.108281 2.027788
2.339622 1.318546
1.208916 1.706811
1.043780 0.990392
1.574078 1.019370
6.809872 0.664857
1.643628 1.485631
0.792576 1.230152
0.895253 0.905640
2.275062 0.888347
6.495476 1.377226
0.620583 0.927069
8.053421 1.941183
3.124163 1.678440
12.267061 0.430355
1.579050 0.990412
2.114075 2.799947
1.082058 0.986245
1.962951 2.066158
1.701048 0.832399
2.353243 0.800240
2.105944 0.824548
1.041120 1.305631
2.025608 1.706004
2.216994 1.277521
3.499981 2.895624
1.115455 0.978830
0.624503 0.996221
1.085287 1.095186
4.931639 1.453277
5.309766 0.967951
1.121889 0.940049
2.452671 0.832125
9.044531 0.599138
1.214250 1.463024
0.416323 0.866572
1.237225 0.921164
1.154320 0.801424
3.838245 1.143816
1.046129 0.966174
0.723407 1.555207
0.978547 1.050096
1.604912 0.877020
0.744063 1.380431
2.955799 1.119050
3.451371 1.824088
2.869123 0.774300
1.424081 1.551874
2.998981 2.937973
1.802190 1.164377
2.675175 1.320551
0.698952 1.117414
1.325379 1.019516
0.477207 1.104991
1.739383 0.808043
3.635009 1.106864
1.137017 0.942204
7.409257 1.605213
1.507196 1.213478
0.759530 0.944955
4.397489 0.526114
2.233985 1.497854
3.456497 1.647277
3.291075 0.968091
0.358500 1.039294
14.222042 4.908403
2.550552 1.011978
3.499371 1.068020
0.905489 1.367172
7.714849 0.563735
2.279234 1.256338
3.155689 1.515906
2.087535 0.887567
2.540153 0.958889
1.134899 1.824120
1.019875 1.193980
3.918017 0.710019
1.236156 1.078635
1.512848 0.878509
1.611907 1.215433
1.651823 1.615563
3.165559 3.345051
4.458847 1.076900
1.346846 1.153682
0.755999 1.163497
1.544147 1.015751
0.687769 1.178652
0.636248 1.182133
2.790488 1.763724
2.086030 1.518584
1.347203 1.043639
2.302967 1.737427
0.183426 0.975536
1.767629 0.993982
8.675813 1.573214
1.716572 1.147271
1.186602 1.569362
1.439594 0.849873
0.985117 1.222012
0.951866 1.408766
1.393726 1.026922
0.392224 1.273199
1.759407 0.989462
0.259687 1.285812
0.605422 0.978768
1.900869 0.727622
1.319978 1.211046
0.932464 1.318485
2.907469 0.988513
0.847570 1.159118
1.754006 0.772715
1.789841 1.208186
0.378284 1.182270
1.696160 1.357868
3.449636 0.687103
5.470933 1.028724
1.851449 0.962848
4.727332 1.382837
5.363680 1.095115
1.215448 1.020245
0.649143 1.274399
2.867597 0.933919
0.950882 0.954874
0.872034 1.482406
0.871752 1.062840
2.327157 1.228629
2.582312 1.113855
0.109367 0.927689
0.744476 0.948109
1.160034 1.465296
0.638627 1.107431
2.305810 1.287836
0.598408 0.775625
1.181809 0.889489
3.851424 2.304955
8.252348 0.773688
3.283806 1.060475
1.989935 0.884503
2.100351 1.203535
0.786554 1.072296
1.834607 1.515420
2.145252 1.085394
5.961837 0.698196
1.079562 1.293018
2.689731 0.876904
7.099358 1.819861
2.429589 0.933103
1.016477 1.071336
0.207664 0.922628
4.544802 0.606449
0.680980 1.098767
5.693830 1.703532
2.895593 0.764090
4.159090 1.174955
1.122158 1.117181
1.840652 1.141625
2.234268 0.969076
0.661424 1.078314
5.724503 0.663317
0.558657 2.021912
37.740343 3.140485
2.002158 1.298340
0.672514 1.076586
1.116864 1.135642
4.506604 0.709300
0.430253 1.196230
0.619547 0.921395
3.347777 1.176626
0.727114 1.022447
2.308212 0.903927
0.460230 1.113075
1.154554 1.007192
0.815278 0.893539
0.848224 1.073389
0.271520 0.852017
2.666973 1.402795
1.828436 0.874626
0.659256 1.128103
0.910541 1.392336
0.766829 0.977695
6.332233 0.776223
1.003233 1.912025
0.682352 0.872510
19.138285 2.030897
5.941199 0.878581
1.556068 1.050421
2.043417 1.402915
0.816029 0.890915
0.719758 0.911823
1.038242 0.894687
1.005745 1.459050
22.308118 0.628711
2.218662 1.163460
1.803309 1.794673
0.704170 0.928940
1.805367 2.056460
1.371941 1.014536
3.224616 0.876115
2.864016 1.269567
0.267289 1.221690
1.329970 1.997825
0.322117 1.082717
0.910185 1.192160
4.079194 1.261686
1.279670 1.344992
0.873099 0.825373
1.312178 1.852009
0.657124 1.612198
0.882705 1.075551
0.248405 1.165498
0.321788 0.880421
0.218959 0.917534
1.103929 1.326953
0.979739 1.182772
25.775722 2.112919
1.299215 1.163362
2.785172 1.368680
1.505650 0.757798
2.675310 0.677912
0.851755 1.233032
4.134673 1.116553
1.394336 0.769581
2.891214 1.177902
1.405111 1.348152
1.831108 0.863770
3.581998 0.686937
1.697070 0.860837
2.817059 0.915391
3.262256 1.235222
7.052625 0.699181
2.688600 0.961476
0.893765 0.919211
0.561124 1.233113
6.446492 0.808623
0.083138 0.889304
3.870192 3.936618
0.392704 1.434095
1.011274 1.239538
0.591355 1.837659
0.625356 0.972886
0.652885 1.031536
2.526033 1.836381
1.347277 0.955696
5.521821 0.665127
0.572403 0.895590
0.838234 1.344665
0.802990 2.170335
5.734192 1.534900
1.625202 1.174267
1.569094 1.545014
4.369412 0.827420
0.781342 1.088100
1.953655 2.223377
8.147089 5.388827
1.419439 1.108949
2.355197 1.012480
0.292517 0.917960
1.576400 1.250009
0.809444 0.960403
0.595603 1.403061
1.476723 0.897551
1.711985 1.375097
5.155568 1.208025
7.250054 1.239333
2.147331 1.588050
2.262372 0.732342
1.276497 0.954907
1.621964 1.023430
4.850729 1.005065
2.405966 0.939539
2.445874 0.939794
2.154768 1.358778
0.917149 0.962313
6.647421 0.819486
7.009518 1.280327
1.221655 1.201614
0.996564 1.740617
1.141541 1.014296
0.814338 0.813858
5.731016 0.830254
1.586686 1.138402
4.324814 1.518231
1.773423 1.031843
0.612933 1.234379
1.002325 0.912359
5.507704 0.845395
5.244838 1.728272
4.252990 0.697714
0.427551 1.476140
0.107702 1.061629
0.713984 1.150017
1.882034 0.992206
1.481978 1.253345
3.531652 1.219713
0.854815 1.327347
12.471983 1.001227
1.603140 1.290671
0.355310 0.877203
1.615003 1.188547
3.854447 0.821238
1.130979 1.658127
2.008853 1.543653
0.879119 1.076335
1.517280 1.186325
1.562487 1.034781
0.660680 0.915843
5.773950 0.963163
1.967098 1.281169
7.241653 0.952213
0.880983 2.004835
0.857886 1.132041
1.886330 1.829922
0.587511 1.041762
0.259139 1.115202
2.979598 1.104475
0.655905 0.981832
0.739284 1.096536
3.716063 2.697975
0.455833 1.369868
1.336680 0.961279
2.563341 1.661859
1.244221 0.947981
0.356382 1.483563
0.776492 1.233443
1.251635 2.207707
0.732649 1.295482
0.659535 0.968358
0.544990 1.200086
2.056426 1.595505
2.170976 0.862654
0.554812 1.091228
0.801669 0.987279
0.867736 0.930105
11.711873 1.493594
1.059102 1.268970
1.013210 0.940619
1.754465 1.152061
3.534679 0.758669
3.091470 2.378135
0.935737 1.829349
2.453661 0.928245
1.279570 1.481174
1.544971 0.970960
1.123232 0.960445
0.964430 1.064993
1.298445 0.959465
16.212773 2.591289
1.004004 1.203321
12.638980 0.554291
3.133498 1.216673
0.700480 1.338869
0.809134 0.986202
1.456560 0.985578
3.753136 0.713241
1.590992 1.239445
5.420863 0.756580
0.554383 0.962288
1.905528 0.844225
1.756753 1.069864
4.142060 1.318163
3.469795 1.865174
0.782099 1.387786
1.123883 1.115436
1.221718 0.936222
2.680686 0.815304
0.647175 1.252082
7.311821 1.338656
2.801225 1.165295
1.569058 1.101496
4.532880 0.605742
1.091177 1.309795
2.586078 0.955032
18.145887 0.550302
3.627918 1.035118
1.557380 0.820135
1.316012 1.049628
1.916786 0.899887
1.950454 0.847598
1.298100 0.769240
1.002653 1.267930
1.758803 1.333544
4.919290 1.447000
0.716417 0.874176
2.740116 1.469192
5.764307 5.622458
23.160970 2.176500
1.779388 4.644547
0.922728 1.245168
2.045752 1.276901
1.809161 1.115525
0.474329 0.869986
1.605130 1.096348
0.253446 0.964743
1.223634 1.158722
1.908297 1.575616
0.984449 1.052625
1.194788 1.073129
4.249640 1.484574
1.935447 1.689617
4.280630 1.512841
1.539398 0.959550
10.213606 1.245762
1.724454 1.715562
2.972804 1.046387
0.554847 1.571408
0.878923 0.866373
1.463049 0.920279
2.538747 2.365822
1.170628 1.024714
0.789209 0.977817
4.848943 1.350014
1.734946 1.501367
0.276200 0.965737
4.077924 3.795185
2.237166 1.214135
2.266311 2.133089
3.155842 0.761534
0.555053 1.165182
4.300735 1.207580
2.614657 2.152318
3.053892 2.661959
1.438099 1.216962
0.935145 1.753865
2.710035 1.311386
1.062640 0.849615
1.188328 1.141575
1.396121 1.038716
1.214503 3.985282
0.414849 1.268772
0.651608 1.005116
3.737692 0.966182
1.120886 1.161718
3.169717 1.273113
0.638669 1.010857
7.633250 0.619545
2.660399 1.511783
4.453678 0.824007
0.761006 0.955980
0.516984 0.952814
6.833040 0.946725
0.692025 0.965321
1.371203 0.895667
4.862537 0.687389
3.381907 0.742008
6.204910 0.556002
9.376148 0.702029
1.378305 1.242764
1.180778 1.161149
1.113047 1.000714
2.095041 1.750970
3.489907 0.831687
0.121634 1.129986
0.100672 1.274444
1.337636 0.985943
1.611096 0.872384
0.928811 1.035670
1.795405 0.937624
2.709298 1.564061
0.974311 1.132714
0.584486 0.975272
2.066474 0.902605
6.026948 1.027890
1.258686 1.182783
2.106785 1.243657
1.828153 1.489710
1.934216 1.207611
1.438203 1.421279
2.215847 1.320442
1.157757 1.150552
13.170386 3.454713
2.483877 0.885843
1.066211 1.029746
0.623555 1.006491
1.341858 1.039719
5.669569 1.081693
2.782385 0.994066
0.594931 1.343185
1.782114 0.883267
2.519434 1.225857
0.986576 0.825078
1.185219 1.125991
1.158783 0.989059
1.622654 1.512630
1.337739 1.099541
0.224487 1.343896
9.705305 2.197835
1.711995 1.167028
0.699159 0.949585
0.461967 0.978482
3.728489 0.746743
1.433439 0.863778
1.712472 1.227985
5.692571 1.155498
3.695814 1.229142
3.286501 1.211838
0.733453 1.477757
1.073233 1.010714
1.037389 1.229622
2.535461 0.925101
4.527067 1.278634
2.710127 0.723334
1.216870 0.965270
0.120356 1.132187
2.320316 0.823025
0.576620 0.823574
0.764440 1.131489
2.325558 1.095879
0.409263 1.218499
0.453495 0.976855
13.931999 1.092034
0.860019 2.141278
0.406127 0.948059
3.406529 1.284823
1.120933 1.079677
1.917785 2.652614
1.345616 1.491566
0.396551 0.981623
1.278941 1.123019
0.597319 1.494423
0.795314 1.072408
1.382452 1.009367
0.985741 0.888675
6.048277 0.807842
0.667767 1.012084
3.278403 1.892755
0.783851 1.576195
1.242229 0.954947
0.455027 1.091676
5.086216 0.939379
2.957768 1.878643
0.769407 0.999258
0.452776 1.082118
1.033428 0.994171
1.056392 0.836538
1.923473 1.138688
3.338876 0.770547
0.581987 0.957965
0.931722 1.438438
0.995759 1.260915
5.235025 0.744482
4.491476 1.773602
0.724270 0.884258
10.020861 1.344693
2.900131 0.821940
2.465030 1.023480
0.791639 1.240049
9.153977 0.770820
0.638728 0.933906
4.124762 1.119922
8.207509 0.451926
0.895077 1.258836
1.930057 1.441032
1.402147 1.034000
1.869795 1.016419
2.747234 0.971272
1.493945 1.089204
5.733865 1.584946
0.637041 1.339319
1.165868 0.900009
2.032602 1.239456
0.817125 0.923986
0.106885 1.015893
1.340519 1.041219
1.417793 1.104771
1.246833 0.848242
3.045073 1.284077
0.524892 1.137891
1.130525 1.577589
1.008786 1.039113
1.405732 1.958089
5.115404 0.806149
0.195238 0.884843
0.664307 0.977352
5.062033 2.201868
16.368906 0.735288
0.618780 1.177066
0.861276 1.202259
1.786163 1.733807
0.932245 1.122216
1.335522 0.876944
0.382453 0.899189
0.501262 1.143698
2.365503 0.808520
0.480031 1.018707
3.091392 1.286922
3.929453 1.324358
1.318320 0.977147
0.428292 0.937968
1.089066 1.064710
0.311047 1.639646
0.946682 0.966098
0.257554 1.060995
0.877789 1.081628
1.730788 2.342575
0.890795 1.283738
4.577656 1.506281
0.184202 0.936522
5.168240 0.588394
0.660996 1.896324
1.292925 0.998690
4.612329 1.272285
0.823091 1.063054
0.581712 0.906737
1.547027 2.457404
3.242026 1.498182
1.121382 0.951272
2.916533 1.050933
1.222327 0.997208
0.455113 1.318964
3.015976 1.243795
1.696163 0.807901
0.981009 1.423055
7.270522 1.210951
2.570894 1.567804
0.549694 1.204217
0.652037 1.238174
0.715395 2.793410
1.220713 1.437449
4.350916 1.135434
9.214213 1.044801
4.655757 1.105673
6.166125 1.905637
1.893922 0.784295
42.522732 1.033328
1.180039 1.158955
0.466687 1.080541
4.097916 3.997552
1.458822 1.061752
2.201569 1.988402
0.524801 0.854861
3.729234 0.828251
3.048367 0.843423
1.929821 0.927522
8.460710 1.171639
46.942362 0.843577
2.506785 1.049402
0.892866 0.906814
3.437183 1.190344
1.008218 8.225113
3.691685 0.985326
3.584380 1.388338
1.539186 1.294675
1.168277 0.865545
1.174931 1.013931
8.687735 0.879160
2.266837 1.353380
1.353555 1.031187
2.283337 0.908461
1.302741 1.086675
6.645007 1.304882
0.616425 1.391752
3.338903 0.936739
7.544499 1.188592
2.124122 0.995313
1.478464 1.489696
0.799573 1.547487
1.875823 1.719048
4.516562 0.875878
7.141373 0.568137
4.422879 1.126546
0.545673 1.075855
3.098539 1.515335
3.605126 0.728190
0.900359 0.989154
1.371301 0.942876
1.262069 1.284966
1.389598 1.414710
2.048977 1.188116
2.138037 2.333381
6.959313 3.957252
6.299333 2.036184
1.349973 0.926179
2.575047 0.817119
1.969471 0.971893
3.993124 1.134329
3.645287 0.668857
6.912941 0.602298
1.554788 0.874025
6.831746 1.539819
1.415785 0.918784
6.258907 0.561887
2.707371 0.732139
1.195311 1.051900
0.138563 1.108824
0.870913 1.005651
1.133117 1.296999
3.664315 0.809944
1.837984 1.021856
5.069133 1.096718
11.129452 0.673389
1.527750 1.337541
5.084208 1.584668
2.111881 1.330572
0.256423 1.267921
1.426781 1.287876
1.419273 0.881634
0.360282 0.904132
0.803526 0.948755
1.643466 1.109559
8.101241 0.840642
3.724894 1.060437
0.166362 1.001461
0.587787 1.155069
4.351767 0.996071
2.871432 1.064915
5.321869 1.016962
1.435601 1.478408
0.349151 0.936781
2.247827 1.891620
1.272889 1.232286
0.122854 1.036081
0.344097 1.724166
0.921486 1.057447
5.215290 1.764531
3.376859 0.622619
1.283352 1.128771
1.871827 0.879180
2.591037 0.739319
0.487060 1.019087
3.153389 1.309571
3.107942 1.170696
0.835010 1.241550
0.725708 1.039856
2.561361 1.185507
1.124446 0.933313
2.258751 2.553175
18.294141 1.521110
3.760168 0.776508
0.425230 1.146995
3.097970 0.818095
5.370057 4.443978
0.776117 1.166222
1.777222 1.814799
4.552679 0.737287
1.304744 1.074215
0.383459 1.067637
1.732044 0.829578
10.564151 1.847666
2.009462 1.515528
3.669500 1.054086
4.356940 3.126612
3.173668 1.604558
1.271372 1.105406
2.000275 0.977409
0.720532 0.883906
7.256207 0.447086
0.985303 1.079468
2.103299 0.877205
1.657294 1.039254
0.466810 1.132097
0.712213 1.045833
2.796164 0.921514
2.812928 0.911181
0.865939 1.157594
3.338246 0.909640
4.089553 1.362144
0.394796 1.154128
0.822391 0.904833
3.028210 1.419227
0.795921 1.045513
0.803768 1.769564
2.080362 1.146510
1.019613 1.099234
1.852438 1.244489
5.582899 1.952951
1.788189 1.335505
2.631174 0.866414
1.839869 1.063649
13.346102 0.655597
9.058326 1.248620
3.195621 1.393392
0.856482 1.651110
0.434643 1.025751
0.396640 0.929085
0.807641 1.126232
3.477141 1.914021
1.172014 0.898286
0.604542 1.084798
1.038013 1.087295
3.925426 1.278447
1.232415 1.418756
1.528741 1.072339
1.549799 1.085188
1.168107 1.164962
2.880173 0.924483
5.380171 1.043659
1.634272 1.299554
7.103078 1.100906
3.550692 2.231013
1.539185 1.408949
1.373528 1.072706
0.815117 0.921457
1.113233 0.872572
1.465672 0.963194
2.252023 1.958949
0.879811 0.893171
1.022908 2.068932
4.119060 0.617060
2.134729 1.142751
0.797765 1.101300
1.871539 0.906839
3.417041 1.083333
1.145615 1.220271
0.522299 1.036498
1.155856 0.830422
0.831724 1.499864
19.079567 1.206675
0.751821 1.018996
0.734430 0.834487
0.603399 1.114739
1.017296 2.088688
4.476793 0.756977
3.424396 0.982408
2.400466 1.246005
0.639382 0.956770
5.162709 0.966988
2.182228 1.358684
3.188052 1.252292
1.440367 0.917702
1.068774 1.053418
4.227130 1.078289
1.385792 0.989710
2.236337 1.830526
3.430258 0.848513
4.674650 0.707309
2.318550 0.856188
1.575777 1.155358
2.171946 1.442267
0.936087 1.083512
8.316428 1.258282
0.497898 1.383548
0.458741 1.274985
2.411270 2.220604
1.644061 0.863426
0.765501 1.275947
3.982449 0.799449
1.033552 1.218343
0.380742 1.059474
7.968688 0.701210
0.401782 1.239837
1.134275 1.251505
1.386946 0.889948
4.576764 0.943167
2.387230 0.962752
0.472812 1.244247
1.825477 0.953298
1.126450 1.321871
3.177394 1.283333
0.866352 1.037015
1.874545 0.989953
2.694317 1.226279
0.920361 1.099849
1.028483 0.928065
1.056872 1.760325
2.136726 1.798162
2.423919 1.495337
9.927530 1.764745
1.558097 2.409558
3.222058 1.247213
1.588587 1.161382
2.243266 1.102355
1.302088 1.062246
1.972498 1.245635
2.301238 1.015363
4.277901 0.967928
4.847714 0.558234
2.464597 2.012247
24.864134 2.567499
5.533803 2.012003
1.666291 1.740594
3.434598 0.962262
1.006920 1.275002
0.707493 1.478448
1.215348 1.933864
1.658687 1.157780
1.500454 1.582894
0.799801 1.119028
24.653639 0.824073
1.091673 0.990676
3.455648 0.937009
1.279856 1.680528
0.951073 2.569848
2.502221 1.210046
1.723289 1.315435
7.362558 0.694638
4.447840 1.054415
1.189982 1.086585
0.611291 1.650462
2.523002 1.289307
3.597224 0.982385
1.967656 1.324344
0.587320 0.884544
2.879549 0.808558
1.618009 1.730880
1.903464 1.418198
0.807678 1.023241
5.608542 0.609300
2.049754 0.873511
1.684516 1.257147
1.201135 1.143637
0.867538 1.006086
0.947791 1.275852
1.664710 1.280429
4.337659 0.960170
9.492991 2.426603
3.171482 1.425680
0.572507 1.112718
8.407944 2.065015
8.552938 1.839895
1.074021 1.436561
0.489096 1.091254
2.698079 1.003791
1.664470 0.800656
0.970855 0.910315
1.908095 0.818266
1.436624 0.897516
4.499069 0.939488
0.872453 0.967530
0.668505 1.031816
2.281095 1.268791
0.465422 0.894623
1.072659 0.898355
3.559268 1.436868
0.632604 1.192166
0.226760 1.279207
1.775718 1.130471
0.998097 1.053138
2.199118 0.889835
0.998318 0.993991
4.132700 0.805689
1.606830 1.631549
0.520178 1.368430
0.996225 1.040937
4.796128 0.745583
0.215198 1.029760
2.340231 1.241763
2.385385 3.540738
1.378822 0.874421
2.370791 0.916947
0.410869 0.925709
2.893843 0.910070
14.655012 1.266128
5.767403 1.625580
6.177777 0.922162
3.537704 0.938088
2.434992 1.224696
2.247385 1.161932
1.568683 0.906828
5.261826 3.111585
0.511983 1.380738
4.010342 1.666333
0.327852 1.175748
1.075182 1.224618
1.916606 1.578846
0.485028 1.475348
0.350646 0.917808
0.812957 1.214978
4.192830 1.322591
1.666396 0.818835
3.032991 1.688708
3.182124 0.727314
4.598546 0.697749
8.030633 0.690748
1.565841 0.965571
3.731846 1.810512
0.392773 1.324095
4.840710 1.718097
9.283829 1.224361
3.044461 1.407033
7.921287 1.107841
8.248487 1.055593
5.851045 1.730125
1.442234 1.290195
3.510053 0.780957
0.645199 1.551595
0.905693 1.094267
1.012992 1.001827
1.951822 1.053956
1.488957 1.323358
10.117761 1.475370
0.392195 1.072711
1.479526 1.390281
0.065385 1.005150
0.905091 0.980205
1.729039 2.529274
2.757928 1.406118
3.445983 2.956871
2.813770 0.762874
2.300237 1.131984
0.571591 1.439664
1.474572 0.932674
11.688298 1.253662
2.691824 1.669447
1.676276 0.999339
9.841654 0.736934
1.967306 0.947353
0.537671 1.173233
4.981225 1.159713
1.221976 1.162446
1.585870 1.147793
2.746125 1.055184
0.321469 0.913197
1.994249 2.089419
9.397053 0.771613
0.777663 0.876250
4.074216 1.243169
2.965099 1.533169
0.933390 0.918015
2.696578 2.245696
1.611170 1.574973
7.780764 4.573897
2.183546 0.959737
0.679783 1.001143
1.712845 1.076753
2.302397 1.008818
7.134277 1.127964
1.583527 0.982494
4.369698 1.009174
1.125801 0.787184
1.092726 1.384350
1.179684 1.234898
1.217115 1.114924
0.521985 1.355228
2.673954 1.181856
2.052686 1.708249
9.611947 1.221485
1.041899 1.134156
4.120024 0.806273
0.841282 1.079270
3.375135 1.318911
9.160597 1.524135
9.934520 0.745155
4.827166 0.622771
1.677662 1.714984
7.452430 1.296732
4.162765 7.236059
0.624215 1.079264
1.816280 1.019169
2.482778 0.997246
0.585504 1.063282
10.089707 1.163810
1.074688 0.886586
0.787515 0.933219
3.588692 0.810759
1.095325 1.072916
4.227417 1.290612
2.152631 2.960481
0.540162 1.062302
1.217980 0.849374
0.678598 1.012217
0.993510 1.704178
1.608199 1.325407
10.937701 0.564981
0.828231 1.264155
1.600980 1.894337
1.027401 1.065897
10.243797 0.641184
0.487385 1.273853
2.096979 0.890910
2.871598 1.039308
1.113464 1.171747
5.335121 0.670028
0.375487 0.999156
1.019577 0.983210
1.666800 1.150543
6.787180 1.273140
0.734830 1.161456
1.835997 1.024517
0.861867 0.921466
1.480200 0.891251
0.289302 1.288929
3.317030 0.996951
2.226677 1.046620
0.945957 1.210832
0.987426 0.914547
2.810909 0.835707
0.508576 1.043834
0.240576 0.922042
1.224161 0.943705
0.432623 1.075253
2.435335 0.837419
6.043122 0.667381
1.490285 0.963843
11.617220 0.998959
1.325269 1.307588
2.682976 1.952814
0.891653 1.125982
3.191908 1.461235
1.514988 0.816521
1.406007 0.925582
4.110058 1.119577
0.983387 1.830619
3.816091 2.324321
0.795596 1.075496
2.156305 1.967990
1.288456 0.829858
25.502529 0.612802
0.832954 1.022260
1.498147 1.260352
2.088047 0.857758
14.978671 0.728784
2.340456 0.841819
11.034638 0.672682
0.675397 1.033760
5.923320 0.852883
3.081352 0.803072
1.757937 0.932093
1.164486 1.615856
0.697764 0.954605
3.679967 0.624303
0.803147 0.980386
6.002963 0.656740
1.313468 1.179016
1.076335 1.048633
2.092422 2.076306
1.310876 1.143867
7.954740 0.691013
4.261919 1.633644
4.671342 3.550286
0.942974 1.665692
0.385168 1.011403
3.143753 0.717437
2.578030 0.959973
0.938181 1.285224
1.056424 0.957338
1.777477 0.919242
0.646752 1.244509
8.885292 0.463192
2.293975 1.108729
1.270229 1.145491
2.110149 0.781506
7.241436 0.747193
3.487223 1.151022
0.523230 0.912528
0.861053 1.156472
4.153698 1.382321
1.171327 0.881633
1.185509 0.897886
1.636409 1.022805
1.090864 1.054869
2.443637 1.330883
0.542315 0.984603
1.978080 1.247927
1.802776 1.987471
1.984911 1.303994
3.189287 1.024702
0.632316 1.036850
1.978889 1.944699
2.922201 1.434711
0.755881 0.900550
1.467453 1.430788
2.261081 1.262903
5.660879 0.725284
3.553661 0.822532
0.705800 1.014090
1.350259 0.902628
0.430432 1.415673
6.459653 0.815811
0.376662 1.436212
1.892084 1.040788
2.354779 1.721359
5.525156 1.623614
1.340729 0.859532
2.661278 0.785955
0.604302 0.831505
1.869488 1.777572
1.262842 1.276713
5.206118 1.130932
0.580586 1.106148
3.080208 1.043083
4.313149 1.109882
2.763987 1.446679
4.319483 2.389127
1.535656 1.676039
5.874748 1.645716
1.620722 1.025208
9.229351 0.951602
0.669057 1.128619
3.148196 0.892169
3.626174 0.879698
2.533098 0.692611
1.764757 1.146577
0.288547 1.064393
12.631564 0.827654
1.198429 1.044831
0.540651 1.159405
1.160651 0.932692
1.126204 1.275926
1.226383 1.021464
7.134669 0.742826
21.792384 2.177668
1.867561 1.154292
1.983725 0.919821
8.525515 4.241235
2.201376 3.099988
4.664631 1.557386
1.279600 2.189215
7.652415 2.138822
1.206224 1.555039
1.513396 1.230081
4.008178 0.672416
2.417198 1.030425
1.473015 1.368649
2.174212 1.946488
0.571476 0.952497
1.459820 0.945467
1.115847 1.133761
1.358813 1.393263
1.303154 1.948653
0.556318 1.115730
3.818050 1.888142
1.817030 1.344274
12.561627 0.661848
0.380265 0.850099
2.064953 0.831867
1.320414 1.310821
9.005315 0.526290
1.462197 1.083930
11.033785 2.010241
2.716612 1.039054
6.718395 1.457047
1.350329 0.958607
1.002496 1.117824
0.314518 1.007207
4.733570 0.693764
0.270240 1.032946
0.712408 1.071482
1.450874 0.992653
4.188387 1.181199
2.418782 1.156970
9.765258 1.332898
1.163634 1.182760
0.923515 1.292855
3.395930 2.271803
3.210154 1.051523
5.309841 1.535803
1.079355 1.019650
20.260653 0.977131
4.869199 0.640087
12.873019 0.730537
2.250723 0.859486
0.685313 1.034398
3.856586 1.482107
3.547119 1.158036
2.258293 1.257742
2.744999 1.128406
1.090921 0.954291
2.045668 1.152526
0.585935 0.923378
1.129619 0.934071
0.893317 0.964901
8.974873 3.872580
1.479515 1.585532
0.625419 0.899777
4.716935 1.703041
5.457461 0.630889
2.798391 0.718260
0.453310 1.432042
0.883710 0.939588
0.689623 1.238879
8.343279 2.753332
1.445118 1.058365
1.064501 2.425464
2.698129 1.344622
1.274712 1.236331
0.205319 1.035390
2.326382 1.381343
2.001780 1.177279
0.400451 1.260688
1.710514 0.937689
4.279974 1.310933
0.925763 1.572910
2.668939 1.027769
0.581342 1.409921
1.355195 1.540962
0.790819 1.191347
1.981419 0.724547
1.031243 1.562377
0.977836 1.371505
3.640240 2.791530
2.791861 1.556410
3.593864 4.913551
4.280493 1.923951
0.632500 1.362361
2.461500 1.416134
0.496688 1.091161
1.864301 1.092779
2.600885 1.064258
2.908748 3.112272
1.090855 1.202524
2.811965 0.976093
1.452772 1.522731
0.471243 1.438776
1.530528 0.934487
3.510245 1.619381
2.055290 1.684683
5.265977 2.544934
0.559701 1.044717
1.747405 1.234134
2.142789 1.344269
3.863995 1.708754
2.987684 2.029482
3.426939 0.743258
1.859448 1.667961
16.888382 5.878347
2.166497 0.848494
0.784175 1.061015
1.884211 1.215104
1.887760 0.859052
3.098068 0.858306
4.118576 0.780342
3.826286 1.024598
0.454597 0.932996
0.978442 0.965263
1.301967 1.134777
4.714113 0.855901
3.594333 0.846394
1.461924 1.005479
4.896585 0.907985
1.083713 1.231481
2.763816 0.833208
5.709906 0.880984
1.398765 1.784949
1.343217 1.072460
3.149531 1.146735
3.127584 0.950021
1.848150 1.301848
1.602563 1.481619
5.213370 1.022518
2.412738 1.195955
0.966807 1.298349
1.133097 1.012687
11.072934 1.371321
1.094063 1.046048
2.291460 0.891262
0.725850 1.131301
0.360631 1.282480
0.520501 0.943746
2.697873 1.291319
1.046906 1.055700
7.687037 0.703224
2.129736 5.078120
2.503212 2.929563
1.382894 1.286238
1.410698 1.431074
4.765577 1.635113
12.557279 0.682261
0.757799 1.626178
10.351702 1.681456
1.298490 0.922349
0.466284 1.187936
0.778582 0.993341
7.659584 0.837890
0.729157 1.278117
1.102186 1.112583
0.694989 0.977385
1.035123 1.026890
0.975006 1.112600
1.704058 1.067133
0.830443 0.921877
2.318428 2.012570
3.513467 1.379606
1.700443 1.326453
0.801004 2.469837
1.409698 0.983520
14.605571 0.503410
0.961005 1.156499
0.160263 1.107706
3.962406 0.927050
2.042531 1.551062
6.785348 2.713448
0.747794 1.151105
1.339062 1.024707
0.593351 1.245079
2.158776 1.177174
1.355304 0.912064
0.380787 1.068461
0.643803 0.892300
4.392494 0.982073
0.655894 0.935254
2.868061 1.295947
2.323293 0.842572
0.405110 1.061491
1.187012 0.868664
1.049639 0.875790
3.800078 1.152479
1.813720 1.040716
1.038369 1.081523
1.320421 1.079401
6.405756 2.197881
0.557012 1.108466
0.939596 1.167827
2.531684 0.955453
1.992579 1.041518
0.590352 1.409513
0.659015 0.988963
1.252648 1.141031
0.712432 1.004727
4.906545 1.793124
2.467021 0.720278
2.293066 0.995022
29.240269 0.765466
2.462932 1.358744
0.827740 1.009286
3.832004 2.136566
5.996951 0.813738
0.439469 1.144944
0.655084 1.074723
10.676894 0.469623
0.391653 1.033097
1.899157 1.438313
1.471195 0.913697
1.257816 0.799701
1.795600 0.892292
1.745363 0.901673
2.829658 0.909207
6.664792 0.969916
5.768689 0.878729
0.555160 0.940380
0.542057 1.702985
2.401728 1.624367
0.593909 0.963983
5.184273 1.250794
0.888305 1.114257
0.824833 1.433314
0.596296 0.937103
3.676298 1.490784
1.118308 2.605925
8.062386 5.566272
1.138199 1.024666
1.131384 1.207588
1.225628 1.099589
1.033964 1.490872
3.831416 0.697474
0.259004 1.082960
1.740676 1.069436
3.895182 0.835010
0.929318 1.005652
6.801889 0.762610
3.809560 2.250764
0.788334 1.031371
0.539333 1.078920
1.587038 1.675056
4.318570 0.963552
1.405756 1.025742
2.487524 0.719700
3.386406 2.876663
1.283272 0.978958
1.015713 1.098822
2.984608 0.727770
1.771112 0.933054
4.322115 0.862582
0.680001 1.147878
7.025813 0.624115
1.091424 1.081313
1.819646 0.848533
2.209438 1.085706
4.016992 1.592082
2.645227 0.784696
1.981970 0.811066
1.312495 1.445548
0.508295 1.207846
8.163418 0.476984
7.318738 5.250386
0.779194 1.102414
1.192327 1.352383
0.376147 1.024615
5.932032 1.134700
0.905367 1.021763
0.658743 1.248298
1.439792 1.299506
1.158824 1.090246
1.202400 0.910913
0.373472 1.183171
8.788014 1.235954
1.431799 1.033302
0.854994 1.698011
1.582715 0.917625
3.055991 4.544240
3.995400 0.858909
2.420043 1.609572
1.890677 1.428135
2.380647 2.264351
2.483850 1.118317
1.527488 1.037116
0.799020 1.394783
1.355244 0.997511
0.774656 1.379569
4.931576 4.024593
0.693870 1.112207
5.161831 3.173592
0.530635 1.066320
1.039689 1.568791
4.993626 0.821072
0.790799 1.368166
1.780013 0.846984
2.368298 1.157427
19.655077 0.757381
7.925164 0.716564
1.096759 0.926752
3.454982 1.049362
0.609223 1.073993
3.440742 0.694467
2.142826 0.907265
0.506038 1.342668
1.199067 0.827036
7.121967 1.147089
2.442340 0.760759
3.063731 0.938127
1.447186 0.745987
0.517573 1.096481
1.177345 0.977988
7.019337 1.217702
1.087209 0.934080
2.331827 0.869921
3.010205 0.969304
0.216706 1.247732
3.155199 1.450390
0.908763 0.929711
3.606986 0.970418
0.840384 1.045177
1.080142 2.908661
1.432824 1.673323
3.738092 1.072146
0.456740 2.411121
1.693240 1.227357
1.108041 0.931530
2.294070 0.879434
1.973453 0.990761
0.885950 1.060252
0.853138 1.237163
4.054442 0.711593
1.303029 1.333651
3.778800 1.420352
8.142312 1.009598
4.318341 1.126355
1.260244 1.121072
2.403655 1.142182
6.525688 1.003470
0.284590 1.048701
0.629357 1.030480
1.112363 1.074169
0.833110 0.957115
1.369515 1.181462
2.319629 1.727301
21.101654 0.411800
1.562046 0.866828
0.685225 1.055488
1.170491 1.447224
13.257789 1.492329
2.659537 0.850821
0.637949 1.129951
0.413079 0.957998
0.635276 1.079271
1.824180 0.989671
5.932122 1.467167
3.273918 0.856649
2.229062 1.374404
2.748468 0.910284
2.071988 0.992451
1.993956 1.204630
4.048216 1.768894
1.606940 1.260821
0.946959 0.881819
1.102201 0.957403
3.423578 0.895177
7.637624 1.405916
15.625787 0.624711
8.760395 1.834312
2.416428 1.819739
1.736820 1.039130
2.497144 1.089081
0.501483 1.060862
2.669070 1.342891
6.769471 0.603090
0.558975 0.907360
5.885549 3.241441
1.080141 1.036318
1.371951 1.028652
2.466417 0.879203
0.308250 1.007000
2.934328 0.909595
1.557823 1.545147
2.846080 0.932527
2.311494 1.287314
1.435970 1.069150
3.140052 0.937107
9.291076 0.635862
0.918736 1.411412
2.549989 1.959684
3.995515 1.702872
1.710983 1.741099
0.401099 1.053000
2.388709 1.252721
1.582784 3.405861
5.687797 0.664636
0.824837 0.857534
7.724174 1.506175
1.880442 1.040931
0.981116 1.008244
2.132103 1.265346
1.246391 1.148148
0.332793 1.219975
0.200008 1.415112
2.517335 1.485579
0.136509 2.455725
2.088058 1.213123
1.096263 1.368188
1.396629 0.987018
1.928192 1.554865
0.388059 1.626545
0.262235 0.935717
0.950118 1.816408
1.896880 1.218990
0.450666 0.897286
3.438079 1.107017
1.802663 1.166376
0.501950 0.984809
2.319483 0.826329
1.862445 0.893980
0.330539 1.071727
2.841448 0.849978
1.377295 0.830122
0.705785 0.907394
1.707987 1.036408
7.951687 1.212288
0.686015 1.096323
4.570531 1.245066
2.395570 1.473791
1.473367 1.801904
2.266659 1.026040
1.339264 1.445269
0.735057 0.807357
0.977733 0.886256
0.488490 1.144503
1.072202 1.031072
6.884081 0.764052
1.853517 0.956770
2.640173 0.976344
1.698917 1.010065
2.947680 1.047760
2.755831 0.689208
3.235748 2.952861
2.071937 0.908216
1.068947 1.057622
10.302832 6.782377
1.174838 0.904398
0.827380 1.326497
3.369022 0.888479
1.281371 1.050414
5.120668 1.716403
0.474509 0.936480
5.336175 4.643346
2.346397 1.030904
0.620827 0.958480
9.935107 0.909090
0.425124 1.194906
0.701813 1.300947
2.789165 1.097007
0.441826 1.320523
1.965271 1.329722
4.471519 0.817809
1.806746 0.930878
3.862061 1.645413
0.784077 1.319002
1.340229 3.329532
1.249147 1.568141
3.388137 0.774130
3.096393 1.710141
3.980975 0.752698
5.047057 0.942865
2.970185 1.345162
1.673113 0.873140
2.138565 1.043024
1.620437 2.055104
3.746080 1.525486
0.811942 1.814437
0.517803 0.950700
15.760732 1.074678
0.958673 1.018825
4.964334 0.822497
1.180990 1.165171
7.215780 0.977100
2.504533 1.457599
15.537033 6.548080
0.477564 0.939544
0.623875 1.142367
0.256053 0.967090
1.389919 1.106601
0.510343 1.153155
1.341940 1.202823
1.564070 1.333159
1.053237 1.293096
2.717227 1.560978
6.961543 1.764121
1.336264 0.805478
1.336148 0.982505
1.770315 1.069913
0.692816 3.774120
1.668926 1.414865
1.036856 1.147537
2.318402 0.942824
3.730621 1.482840
11.844749 2.480303
1.472828 1.490974
2.417064 1.046988
0.922888 1.107150
2.241301 1.406938
1.017571 1.087864
0.658537 1.190863
0.758906 0.967119
2.340697 1.347322
9.885998 4.029914
1.542613 1.310887
3.759899 2.358592
2.001951 0.836178
0.739685 1.527285
29.580114 0.863472
0.707473 1.467957
12.873930 0.890954
0.784026 0.964732
3.255407 1.543573
1.673664 1.140914
3.644856 1.037040
0.816796 1.081597
0.230972 0.935133
3.564042 0.802516
1.953808 1.041503
1.022226 1.268064
1.166165 2.536420
0.952854 1.040484
2.939829 0.872682
0.791992 1.856689
2.166850 0.813034
0.760901 0.914366
0.555602 1.030009
2.921831 1.263164
0.463575 1.581629
1.691079 0.994133
2.645777 0.844023
0.977127 1.027579
0.771191 1.681501
1.392710 0.859102
9.594836 9.932277
0.991175 0.969011
3.612632 1.067098
0.977999 0.919654
0.440880 1.228759
0.246048 1.274258
2.431855 1.237542
6.969367 1.351381
4.115388 0.985520
2.271746 0.801295
0.793280 1.450829
1.517781 0.832647
0.862451 1.414843
1.939101 1.019806
6.657168 1.004028
1.166994 1.300916
2.746688 0.849382
0.408449 0.918095
0.888578 0.980523
1.694680 1.638073
1.536874 1.087924
3.383124 0.793740
1.247699 1.307387
1.493126 1.737913
0.413485 1.180310
18.183444 1.195499
1.375157 1.465256
1.335143 1.659831
2.102363 1.357543
4.170718 1.413438
0.670038 0.956989
0.738767 0.949373
0.557514 0.951594
0.662119 2.035440
1.467785 1.187032
0.524894 0.937498
2.392626 1.305530
7.540226 1.002604
0.879535 0.937733
0.933964 0.884329
1.026791 0.925151
2.090791 1.284841
9.990678 4.046274
2.574442 0.901126
1.711042 1.019348
1.291619 1.020995
2.560784 0.830162
0.397303 1.157734
1.898184 1.244380
3.441032 0.909464
1.596196 1.020556
2.787493 0.942713
1.187777 1.131712
0.234900 0.991311
2.945243 1.181832
2.716542 0.808723
2.509417 2.215883
1.659931 0.954562
5.847338 0.745797
10.428178 0.530908
0.807769 0.908131
0.675818 1.240261
3.830855 1.422850
4.657279 0.744323
4.057239 1.563305
0.710493 0.889056
0.338002 1.038013
2.957379 1.224499
0.517456 1.027380
8.027997 1.122785
3.555272 1.127446
1.105076 1.039170
0.901568 0.960090
3.707034 5.118305
2.407414 1.006886
6.319653 2.212801
0.528902 1.545549
2.063923 1.555184
1.047793 1.012852
2.171676 1.379217
1.220329 0.955947
0.684696 1.136058
1.725610 1.090308
2.981990 0.855754
6.585639 0.731100
1.583224 1.211985
0.840825 1.476885
0.653022 1.141060
6.298895 0.758706
3.351818 1.126379
1.742588 1.433284
1.179972 1.165619
2.499568 2.837243
1.852904 1.024483
4.845772 1.082377
1.086029 1.077268
0.145635 0.893686
5.468825 0.790156
1.478515 1.489583
1.342072 0.939620
1.644893 0.895773
2.142481 0.998765
2.001128 0.714214
1.110266 1.213804
1.050034 1.136134
0.675626 1.018688
0.695397 1.093169
1.426343 1.086540
0.789237 1.100428
5.355410 1.508160
1.529665 0.911022
1.027950 0.834748
5.941181 1.390364
2.297273 2.225571
4.459099 1.062752
0.588871 0.925698
0.622760 1.296575
1.706734 3.886445
1.039747 0.939025
3.127001 2.383923
0.842059 1.152433
4.713533 0.964753
2.240812 0.841286
7.232083 3.491212
3.359345 0.680706
9.013755 2.453857
7.531548 0.894569
2.557751 1.258446
1.437216 1.980652
1.416107 1.212500
0.901534 1.356516
1.790744 1.374208
7.464132 1.504591
0.625539 0.878019
2.399297 1.604504
0.831503 1.551934
2.836789 0.770670
2.706540 2.305150
3.385384 0.789029
5.746359 1.035732
11.731060 1.034436
7.419451 3.899915
1.418870 1.472863
0.844876 1.170699
2.808400 1.679896
1.215957 1.051149
8.588143 1.390141
1.079820 7.817358
2.970034 2.037465
0.602015 1.193672
0.484396 1.237518
1.061160 1.246101
2.321346 1.395359
2.005359 1.360167
2.630311 1.828464
1.792772 0.995441
2.118782 0.850261
0.839351 0.897627
1.911869 0.867620
0.994193 0.996000
1.859530 1.046976
1.399501 1.646142
1.054341 0.892490
1.609723 1.700933
1.080490 1.026682
0.176187 0.938019
6.011561 1.306132
0.663441 0.972041
3.386317 3.230985
1.738049 1.546099
4.857792 1.454192
1.392672 1.177246
3.098354 0.943156
6.234636 2.202556
4.573356 1.911617
0.900866 2.559079
1.709498 0.932699
3.029074 1.350469
0.953265 1.011544
2.999464 1.208048
1.626899 1.311243
3.121733 0.653498
5.582979 0.849703
0.694933 0.950498
2.964552 1.034338
2.052715 1.193502
0.334236 0.961742
3.230841 0.852225
1.025156 1.097230
7.793212 1.422826
1.238937 2.604382
0.700907 1.382887
0.651338 0.973586
3.468175 0.716071
1.511662 0.904340
4.797604 5.263427
2.310808 1.281345
1.767133 1.066482
4.780887 0.721065
2.122867 2.455183
1.917243 1.429591
0.215642 0.909699
1.504151 1.042888
5.020659 0.929293
0.763402 1.333482
3.890533 1.200276
1.608937 0.937145
2.087036 1.021053
2.477629 11.645763
4.494238 1.462705
5.261096 3.797140
3.200555 1.335100
1.077119 0.977931
1.610555 1.024830
0.789561 0.828819
1.316649 1.193412
2.961762 1.099936
1.330496 1.139687
0.574360 1.036542
2.102715 1.488533
2.390649 1.884170
3.243053 1.418105
0.657551 1.146142
1.704174 1.133147
1.721426 1.605454
0.795907 1.595318
0.297618 1.237709
1.547079 1.194210
2.532807 0.955257
1.300661 0.950942
0.757460 1.049072
2.499279 0.885281
0.756339 0.993496
1.692053 1.236259
1.354078 1.245191
20.833611 0.401864
0.960884 0.916486
8.135810 0.728096
0.065828 0.858679
3.509214 0.956140
0.944186 0.951242
8.164573 1.226793
1.364676 1.425752
1.598077 1.059464
7.637936 0.973396
0.835327 1.317905
1.587842 1.590708
1.928133 0.945232
4.416039 1.627304
3.004915 3.008198
3.235624 0.861682
2.883595 1.139139
1.796179 1.131942
2.652897 1.636254
3.303862 1.577631
0.817949 0.943417
0.584063 1.926513
10.365893 0.621160
1.682592 1.021130
1.270250 1.340529
0.887630 1.467653
1.047670 1.301386
0.582456 0.917051
0.977664 0.995554
4.262244 0.713399
1.714736 1.578540
1.326778 1.220495
16.224087 0.973782
6.506241 1.307306
2.518903 3.799629
2.311341 0.748995
2.939393 1.916584
0.867659 1.037546
1.488246 0.999690
0.599433 1.195776
0.697367 1.020905
1.026213 1.304065
1.117835 0.950789
7.817840 1.399971
1.301778 1.167365
1.223326 1.377007
0.772223 0.888752
1.575765 0.950754
0.775607 1.343653
1.004024 0.952011
2.145346 0.958063
0.968017 1.008358
0.885465 1.262688
0.452852 1.033867
4.689550 1.037313
0.783958 1.025625
0.970645 0.993077
1.196920 1.048840
2.753116 1.039456
9.216428 0.971802
2.266454 0.911503
6.461912 1.748734
0.984948 1.438541
1.340435 1.089988
3.687625 1.963615
2.608767 0.788035
0.651153 1.676556
2.984197 1.655497
1.294230 1.132136
5.679239 4.358732
0.815799 0.903031
1.258365 0.892276
1.181544 0.979940
0.855446 1.030816
0.351725 1.017415
0.739607 1.109338
1.180140 1.471965
13.705057 1.363527
2.136955 1.015930
0.853606 0.927655
0.825046 1.006279
6.656868 5.700494
0.841393 1.041615
3.314138 1.022829
2.193647 1.664595
2.073430 3.613823
6.671394 1.260797
0.707920 1.215789
2.359125 1.500825
0.893118 1.214573
5.287310 1.466792
2.613876 1.119102
8.194415 0.677987
0.232937 1.107679
2.557627 1.298275
0.571841 1.093667
2.334233 0.912960
1.151143 1.561326
3.656027 0.875932
1.173864 1.028897
2.474997 1.384239
3.445187 1.198791
1.907187 1.630908
1.484001 1.086296
1.010248 1.150910
1.701544 0.944105
9.738911 1.499572
2.776634 0.846036
2.090754 0.985491
0.139789 0.920440
1.315011 1.034576
2.902599 0.955370
1.203762 0.991510
1.762983 0.771750
1.536761 1.288044
9.767178 1.702379
1.635474 0.918204
1.810776 0.860498
0.556501 0.846247
0.570314 0.940178
5.872125 0.844349
1.421815 0.928724
1.616964 1.086234
0.508970 1.169135
0.585664 0.941101
0.956968 0.878332
0.827924 1.119758
1.373130 1.985043
2.289509 1.737617
0.950588 1.495077
1.459916 0.787012
0.979496 1.106927
7.718231 0.830714
1.237978 0.878097
1.252945 1.042086
0.530775 0.969758
13.939149 0.780344
1.377876 1.518551
0.657330 0.961558
5.786423 1.321594
1.674003 1.489238
0.616548 0.884526
6.092726 1.591923
2.526991 1.154225
1.369723 1.336950
2.847482 2.106822
1.346271 1.196528
1.834150 0.898008
10.082930 0.460646
0.969921 0.949713
7.337975 0.623016
8.296772 0.698343
2.929169 3.148023
0.919893 0.978209
6.130053 1.591599
0.596565 0.839268
2.548950 0.821273
1.377670 0.941187
0.308209 1.131549
1.285075 0.898503
10.454525 3.634522
0.180321 0.965733
0.884327 0.930147
5.302647 2.355833
4.587370 0.963556
0.310206 1.007752
7.911116 1.136971
0.844884 1.560577
0.917949 2.854606
0.440905 0.964670
0.769972 1.052689
2.883121 0.918092
3.489811 1.355984
1.429586 0.941968
5.841181 2.335428
1.581210 8.085474
6.126933 0.740274
2.351881 0.919256
7.608767 1.133899
4.324529 0.696891
2.861554 0.915949
2.992527 0.993004
1.780473 1.446724
0.852840 0.870020
3.347530 1.500288
17.215725 0.854484
0.942512 1.225245
0.732118 1.038803
0.949821 0.809502
5.239759 1.338011
3.945130 1.349572
1.248393 1.032777
0.503333 0.855762
11.496352 2.008138
0.984985 0.922356
2.557315 1.765918
0.681358 0.969797
4.799525 0.628342
4.098314 0.973799
0.640524 1.018641
0.914492 0.971937
1.974366 1.575786
2.401252 1.119023
0.123693 0.879164
3.981858 1.222643
1.846235 0.847809
4.541630 1.303694
1.196442 1.045845
2.276275 0.877456
1.263989 1.212062
4.044081 1.357170
0.506296 1.110924
1.093621 1.286756
2.274479 0.801807
0.875657 0.921015
3.216088 1.026961
1.170804 1.044882
1.802241 0.829711
1.996969 1.046786
0.720626 1.047937
2.288628 0.940471
0.632036 1.243508
2.809422 0.868330
3.323921 1.829442
1.688936 0.985768
1.896518 1.422986
4.544790 1.432971
2.124310 2.001331
1.448507 1.158539
2.597721 0.754223
2.693099 1.007511
0.671934 0.993973
0.506679 1.047584
4.907564 1.882875
1.659078 1.051327
32.397879 3.517764
1.773998 1.630005
0.513720 1.041818
0.831378 1.350159
13.312950 0.837016
2.041946 0.643549
2.602806 1.257858
1.954222 1.724854
21.641323 1.837370
1.499082 1.213406
0.368152 1.195002
1.545840 1.053626
1.834727 0.756836
1.087650 1.408304
1.205612 0.819529
1.182390 1.084856
1.241870 1.357936
10.061268 2.752839
1.209766 1.160811
2.816377 1.050345
1.770309 2.135150
3.927214 1.027988
0.476787 1.225751
9.736023 0.451769
0.389276 1.244588
20.930246 1.538168
1.698905 0.905692
1.923409 1.014243
0.133433 1.332758
0.708455 1.287623
2.868381 1.403063
1.061098 0.986523
1.606119 1.258687
1.750481 1.230595
2.882749 0.982163
2.136097 1.610459
2.733392 1.377250
0.339469 1.242569
1.253737 0.879366
1.939523 1.177871
0.626668 2.975301
0.485156 1.072344
0.599985 1.009098
0.784491 1.388176
0.246686 0.928851
7.321345 1.266725
0.669626 0.854132
1.138372 1.985723
2.851742 1.216541
0.742747 0.963566
2.741849 0.889564
1.067224 3.116797
1.848994 1.727461
1.732199 0.856996
4.564941 0.819092
1.120564 1.308066
3.014716 0.932987
1.395784 1.460633
1.923711 1.699051
6.791490 0.544684
2.596325 1.329069
2.832210 1.197750
0.371262 1.231475
3.131237 1.200073
0.474337 0.992227
1.319685 1.016880
0.598674 1.075259
4.211813 2.196024
3.558176 1.715246
1.247286 1.048813
1.044186 1.342843
2.677026 1.062435
2.276998 1.060261
0.570103 1.056567
16.083651 1.885545
7.928748 1.592934
4.315893 1.434936
0.427801 0.977638
2.307869 1.423337
2.549228 1.126811
2.800347 0.932775
0.895436 1.093859
1.631378 1.036397
1.987605 0.833219
0.744804 0.922216
2.331556 1.019929
0.644126 0.926618
0.828432 0.937490
1.238162 1.121871
1.098801 1.892987
5.878472 4.796802
3.300841 1.856122
1.116878 1.048100
4.858988 1.377166
0.897635 1.066343
0.602785 1.101867
2.251365 0.890192
0.860307 1.044983
2.424024 1.302243
1.311063 1.214053
1.605452 0.835042
2.600750 1.419997
4.018768 1.074832
4.743545 0.744725
2.136467 1.661283
1.561809 1.027449
1.327612 1.582332
1.473171 1.272313
6.634344 1.236207
0.551649 0.869439
2.256288 1.230436
1.379683 1.129696
0.696545 1.539121
2.688985 2.292376
1.956849 0.820279
1.217491 0.883041
3.700417 1.221171
2.247860 1.295293
8.822903 0.693147
1.605371 0.956404
2.011021 0.834683
0.126503 0.978967
0.767335 0.965960
1.529318 1.681240
1.388200 1.628371
3.928089 0.792161
1.828093 1.279643
2.992748 0.671602
4.361591 0.681153
0.349680 1.085810
0.858393 0.996879
1.306603 1.163576
1.459330 3.177130
1.208310 1.296754
3.835904 1.579801
3.496542 1.767733
4.934079 1.652655
2.045612 1.933237
0.180662 0.920586
0.965349 1.388205
1.018030 1.198153
0.577703 1.067607
0.736796 1.151161
0.437464 1.592672
0.679927 0.969775
4.230256 1.596829
1.293105 1.537660
0.714812 0.888018
10.603752 2.914906
0.591044 1.068179
4.828810 4.222683
1.771347 1.102353
2.465258 1.184592
0.605645 1.190026
3.483876 0.920272
0.468703 1.324754
1.371625 0.926610
3.784306 0.720458
0.759113 1.130420
0.831639 1.114141
0.779797 0.980679
0.707745 1.363144
1.481427 1.807736
1.892271 1.118750
1.452048 1.569746
1.745165 0.883022
1.997524 0.865561
1.146303 1.085790
1.711674 0.818589
0.198278 1.215162
4.279077 1.130408
0.976683 1.144603
1.155656 1.177776
2.771781 1.320863
1.485886 1.073184
0.685246 1.277975
14.563821 0.817805
0.315464 1.055499
1.449034 0.961037
9.579816 2.078620
0.744723 1.656578
3.602517 1.162699
1.404568 1.145880
0.888234 1.002177
1.055788 1.037140
0.833643 1.021038
0.245346 1.119685
1.378432 1.332135
0.993216 1.173234
0.456514 1.070254
0.682763 1.393866
2.377105 0.838868
1.237328 1.079547
9.878925 1.596989
0.238361 0.919640
0.303987 1.066778
1.516513 0.816992
0.827989 0.894039
7.817632 1.380193
1.080895 0.967052
0.635277 0.993476
0.328826 1.192517
4.994782 1.074497
1.557639 1.324618
1.799526 0.958209
1.628237 1.288446
0.342192 1.112981
2.423569 1.011757
1.359091 0.949471
0.361974 0.937815
0.844189 0.990584
7.899366 0.712316
1.709581 1.288605
4.373236 0.822988
1.547049 2.832859
1.875230 1.041805
5.248594 0.707203
12.951096 0.510551
0.831290 1.432226
