600.000000 0.161310
601.000000 0.365181
602.000000 0.405537
603.000000 0.047718
604.000000 0.035210
605.000000 0.282307
606.000000 -0.424865
607.000000 0.391203
608.000000 0.234149
609.000000 0.076304
610.000000 -0.274056
611.000000 -0.131927
612.000000 0.055156
613.000000 0.275631
614.000000 0.092608
615.000000 -0.105498
616.000000 -0.183400
617.000000 -0.117020
618.000000 -0.038917
619.000000 -0.019961
620.000000 -0.017790
621.000000 -0.083161
622.000000 -0.061964
623.000000 0.106972
624.000000 0.012694
625.000000 0.217288
626.000000 -0.135979
627.000000 -0.034446
628.000000 0.049034
629.000000 0.080034
630.000000 0.035037
631.000000 -0.153127
632.000000 -0.011767
633.000000 0.048214
634.000000 0.035988
635.000000 0.100368
636.000000 -0.061345
637.000000 0.092585
638.000000 -0.018192
639.000000 -0.002747
640.000000 -0.039202
641.000000 0.062272
642.000000 0.077860
643.000000 -0.045656
644.000000 -0.072343
645.000000 0.056262
646.000000 0.040240
647.000000 0.039444
648.000000 0.059153
649.000000 0.054607
650.000000 0.012012
651.000000 0.079327
652.000000 0.015002
653.000000 0.007809
654.000000 0.007111
655.000000 0.032720
656.000000 0.041714
657.000000 0.046170
658.000000 -0.006852
659.000000 -0.045387
660.000000 0.079370
661.000000 0.031053
662.000000 0.105653
663.000000 0.005091
664.000000 0.071305
665.000000 0.015355
666.000000 -0.028798
667.000000 0.057816
668.000000 0.031314
669.000000 -0.061209
670.000000 0.080702
671.000000 0.059112
672.000000 0.017816
673.000000 0.020519
674.000000 0.008153
675.000000 -0.014601
676.000000 -0.031625
677.000000 -0.066144
678.000000 0.129356
679.000000 -0.035880
680.000000 0.113377
681.000000 0.041434
682.000000 0.029853
683.000000 0.049357
684.000000 0.081903
685.000000 0.053699
686.000000 0.016265
687.000000 0.001565
688.000000 0.006352
689.000000 0.052020
690.000000 0.042316
691.000000 0.062965
692.000000 0.032368
693.000000 0.007165
694.000000 0.023472
695.000000 0.009310
696.000000 0.023095
697.000000 0.012917
698.000000 0.027920
699.000000 0.016427
700.000000 0.004148
701.000000 0.019040
702.000000 0.015219
703.000000 0.027893
704.000000 0.002864
705.000000 -0.008841
706.000000 -0.010887
707.000000 0.042719
708.000000 0.030508
709.000000 -0.009066
710.000000 -0.015075
711.000000 0.044724
712.000000 -0.007623
713.000000 0.002063
714.000000 -0.004476
715.000000 0.059094
716.000000 0.013470
717.000000 0.042295
718.000000 0.010551
719.000000 -0.000861
720.000000 0.033398
721.000000 0.009227
722.000000 0.029054
723.000000 0.037374
724.000000 0.002973
725.000000 -0.007429
726.000000 -0.003944
727.000000 0.008044
728.000000 0.032033
729.000000 -0.026606
730.000000 -0.025973
731.000000 0.020979
732.000000 -0.009327
733.000000 -0.001243
734.000000 0.014077
735.000000 0.038165
736.000000 0.000410
737.000000 0.018293
738.000000 0.021632
739.000000 0.019991
740.000000 0.024155
741.000000 0.001191
742.000000 0.005699
743.000000 0.000152
744.000000 0.012584
745.000000 0.027015
746.000000 0.009841
747.000000 0.008083
748.000000 0.010044
749.000000 0.010762
750.000000 0.026179
751.000000 -0.006065
752.000000 0.032409
753.000000 0.013140
754.000000 0.036511
755.000000 0.026505
756.000000 0.010334
757.000000 0.010044
758.000000 0.006323
759.000000 0.005816
760.000000 0.028696
761.000000 0.017731
762.000000 0.013734
763.000000 0.014582
764.000000 0.023140
765.000000 0.023387
766.000000 0.027080
767.000000 0.021175
768.000000 0.009526
769.000000 0.029233
770.000000 0.020090
771.000000 0.030465
772.000000 -0.002356
773.000000 0.025427
774.000000 0.023195
775.000000 0.021948
776.000000 0.038760
777.000000 0.016263
778.000000 0.028770
779.000000 0.029881
780.000000 0.021449
781.000000 0.032893
782.000000 0.017234
783.000000 0.032605
784.000000 0.024739
785.000000 0.010470
786.000000 0.036124
787.000000 0.025484
788.000000 0.028163
789.000000 0.011455
790.000000 0.031699
791.000000 0.029836
792.000000 0.040667
793.000000 0.020055
794.000000 0.031892
795.000000 0.040163
796.000000 0.027261
797.000000 0.037603
798.000000 0.012118
799.000000 0.036599
800.000000 0.028607
801.000000 0.023468
802.000000 0.041804
803.000000 0.024068
804.000000 0.031128
805.000000 0.029944
806.000000 0.029745
807.000000 0.024817
808.000000 0.020907
809.000000 0.026507
810.000000 0.035193
811.000000 0.037278
812.000000 0.019907
813.000000 0.030563
814.000000 0.021471
815.000000 0.036648
816.000000 0.045983
817.000000 0.019535
818.000000 0.033746
819.000000 0.035541
820.000000 0.027082
821.000000 0.017453
822.000000 0.031993
823.000000 0.028655
824.000000 0.042328
825.000000 0.043721
826.000000 0.038922
827.000000 0.034736
828.000000 0.037589
829.000000 0.032773
830.000000 0.028947
831.000000 0.032017
832.000000 0.026907
833.000000 0.043252
834.000000 0.045891
835.000000 0.044250
836.000000 0.047983
837.000000 0.036842
838.000000 0.054069
839.000000 0.054400
840.000000 0.039803
841.000000 0.052676
842.000000 0.045753
843.000000 0.058913
844.000000 0.056706
845.000000 0.060083
846.000000 0.059045
847.000000 0.063936
848.000000 0.065813
849.000000 0.068326
850.000000 0.069455
851.000000 0.077085
852.000000 0.077732
853.000000 0.081170
854.000000 0.087585
855.000000 0.099230
856.000000 0.090562
857.000000 0.114726
858.000000 0.109406
859.000000 0.119289
860.000000 0.132904
861.000000 0.128039
862.000000 0.149885
863.000000 0.153658
864.000000 0.150487
865.000000 0.177190
866.000000 0.155855
867.000000 0.144137
868.000000 0.167802
869.000000 0.190151
870.000000 0.182875
871.000000 0.165295
872.000000 0.183222
873.000000 0.189994
874.000000 0.206064
875.000000 0.221783
876.000000 0.220921
877.000000 0.231148
878.000000 0.230911
879.000000 0.239086
880.000000 0.239976
881.000000 0.251471
882.000000 0.265950
883.000000 0.260811
884.000000 0.281500
885.000000 0.291752
886.000000 0.298668
887.000000 0.300676
888.000000 0.317545
889.000000 0.316533
890.000000 0.330544
891.000000 0.337977
892.000000 0.377609
893.000000 0.380412
894.000000 0.355347
895.000000 0.370858
896.000000 0.398941
897.000000 0.413979
898.000000 0.400855
899.000000 0.432595
900.000000 0.420675
901.000000 0.445685
902.000000 0.460666
903.000000 0.469272
904.000000 0.492423
905.000000 0.455701
906.000000 0.487706
907.000000 0.514946
908.000000 0.522156
909.000000 0.507644
910.000000 0.571991
911.000000 0.574964
912.000000 0.574935
913.000000 0.599340
914.000000 0.604547
915.000000 0.623114
916.000000 0.592520
917.000000 0.634100
918.000000 0.691824
919.000000 0.681916
920.000000 0.677527
921.000000 0.720729
922.000000 0.711088
923.000000 0.721327
924.000000 0.735885
925.000000 0.757386
926.000000 0.771914
927.000000 0.774123
928.000000 0.755115
929.000000 0.821067
930.000000 0.811500
931.000000 0.807566
932.000000 0.829656
933.000000 0.840454
934.000000 0.834696
935.000000 0.838989
936.000000 0.860020
937.000000 0.866247
938.000000 0.851040
939.000000 0.854208
940.000000 0.879775
941.000000 0.906933
942.000000 0.885462
943.000000 0.889455
944.000000 0.892367
945.000000 0.912070
946.000000 0.894120
947.000000 0.911192
948.000000 0.918862
949.000000 0.890030
950.000000 0.874621
951.000000 0.885336
952.000000 0.906131
953.000000 0.896252
954.000000 0.872894
955.000000 0.881736
956.000000 0.878058
957.000000 0.891879
958.000000 0.874689
959.000000 0.844582
960.000000 0.862358
961.000000 0.865312
962.000000 0.862916
963.000000 0.881243
964.000000 0.890790
965.000000 0.901099
966.000000 0.898666
967.000000 0.936672
968.000000 0.926574
969.000000 0.953636
970.000000 0.967052
971.000000 1.017733
972.000000 1.013943
973.000000 1.021321
974.000000 1.070510
975.000000 1.105035
976.000000 1.127850
977.000000 1.134408
978.000000 1.084892
979.000000 1.090855
980.000000 1.103920
981.000000 1.111871
982.000000 1.102119
983.000000 1.113805
984.000000 1.126830
985.000000 1.137499
986.000000 1.149546
987.000000 1.182572
988.000000 1.176702
989.000000 1.176567
990.000000 1.158201
991.000000 1.129280
992.000000 1.142572
993.000000 1.141252
994.000000 1.116166
995.000000 1.090746
996.000000 1.059311
997.000000 1.067276
998.000000 1.069339
999.000000 1.066052
1000.000000 1.073288
1001.000000 1.063298
1002.000000 1.055108
1003.000000 1.025947
1004.000000 1.059901
1005.000000 1.084878
1006.000000 1.076535
1007.000000 1.088359
1008.000000 1.101130
1009.000000 1.088832
1010.000000 1.110707
1011.000000 1.111370
1012.000000 1.107509
1013.000000 1.125375
1014.000000 1.147506
1015.000000 1.157898
1016.000000 1.180886
1017.000000 1.173942
1018.000000 1.211137
1019.000000 1.226699
1020.000000 1.286303
1021.000000 1.296142
1022.000000 1.284967
1023.000000 1.346952
1024.000000 1.437802
1025.000000 1.472029
1026.000000 1.538632
1027.000000 1.576034
1028.000000 1.620892
1029.000000 1.672978
1030.000000 1.726682
1031.000000 1.751751
1032.000000 1.760570
1033.000000 1.735050
1034.000000 1.736131
1035.000000 1.754152
1036.000000 1.762157
1037.000000 1.737895
1038.000000 1.641251
1039.000000 1.554181
1040.000000 1.498136
1041.000000 1.457036
1042.000000 1.400092
1043.000000 1.371819
1044.000000 1.356089
1045.000000 1.323319
1046.000000 1.297927
1047.000000 1.280902
1048.000000 1.266649
1049.000000 1.266373
1050.000000 1.233376
1051.000000 1.247619
1052.000000 1.242178
1053.000000 1.201088
1054.000000 1.213542
1055.000000 1.226812
1056.000000 1.222038
1057.000000 1.228781
1058.000000 1.235244
1059.000000 1.245561
1060.000000 1.263723
1061.000000 1.258126
1062.000000 1.247344
1063.000000 1.251345
1064.000000 1.261087
1065.000000 1.250852
1066.000000 1.254229
1067.000000 1.242019
1068.000000 1.227573
1069.000000 1.258180
1070.000000 1.251823
1071.000000 1.259784
1072.000000 1.258867
1073.000000 1.253902
1074.000000 1.244355
1075.000000 1.221645
1076.000000 1.222901
1077.000000 1.200656
1078.000000 1.213987
1079.000000 1.209269
1080.000000 1.191954
1081.000000 1.183207
1082.000000 1.177697
1083.000000 1.177184
1084.000000 1.167903
1085.000000 1.166031
1086.000000 1.138753
1087.000000 1.143739
1088.000000 1.129290
1089.000000 1.108033
1090.000000 1.108989
1091.000000 1.106303
1092.000000 1.092251
1093.000000 1.073742
1094.000000 1.074992
1095.000000 1.071931
1096.000000 1.083836
1097.000000 1.074463
1098.000000 1.074465
1099.000000 1.067718
1100.000000 1.070918
1101.000000 1.078383
1102.000000 1.064165
1103.000000 1.064611
1104.000000 1.071104
1105.000000 1.069782
1106.000000 1.071176
1107.000000 1.065791
1108.000000 1.074083
1109.000000 1.079829
1110.000000 1.088377
1111.000000 1.100594
1112.000000 1.104585
1113.000000 1.116877
1114.000000 1.116360
1115.000000 1.119357
1116.000000 1.132367
1117.000000 1.133402
1118.000000 1.140813
1119.000000 1.134236
1120.000000 1.123241
1121.000000 1.133349
1122.000000 1.138252
1123.000000 1.137995
1124.000000 1.140949
1125.000000 1.127311
1126.000000 1.131813
1127.000000 1.123701
1128.000000 1.124379
1129.000000 1.118322
1130.000000 1.098842
1131.000000 1.091487
1132.000000 1.084498
1133.000000 1.081650
1134.000000 1.072378
1135.000000 1.070972
1136.000000 1.064257
1137.000000 1.058509
1138.000000 1.062122
1139.000000 1.076543
1140.000000 1.063989
1141.000000 1.059848
1142.000000 1.063770
1143.000000 1.060672
1144.000000 1.049865
1145.000000 1.058385
1146.000000 1.063187
1147.000000 1.057502
1148.000000 1.056030
1149.000000 1.070370
1150.000000 1.069067
1151.000000 1.068499
1152.000000 1.075483
1153.000000 1.070942
1154.000000 1.071991
1155.000000 1.082624
1156.000000 1.077953
1157.000000 1.091465
1158.000000 1.104549
1159.000000 1.097499
1160.000000 1.105660
1161.000000 1.118961
1162.000000 1.112438
1163.000000 1.120518
1164.000000 1.134556
1165.000000 1.150606
1166.000000 1.155661
1167.000000 1.168040
1168.000000 1.183781
1169.000000 1.193498
1170.000000 1.217890
1171.000000 1.228102
1172.000000 1.238351
1173.000000 1.257435
1174.000000 1.275225
1175.000000 1.274399
1176.000000 1.300532
1177.000000 1.319893
1178.000000 1.318796
1179.000000 1.297810
1180.000000 1.314602
1181.000000 1.345058
1182.000000 1.358200
1183.000000 1.364917
1184.000000 1.398574
1185.000000 1.421956
1186.000000 1.440025
1187.000000 1.467320
1188.000000 1.496287
1189.000000 1.543349
1190.000000 1.573708
1191.000000 1.621918
1192.000000 1.669864
1193.000000 1.717336
1194.000000 1.764462
1195.000000 1.817527
1196.000000 1.862223
1197.000000 1.927624
1198.000000 1.979990
1199.000000 2.033037
1200.000000 2.100843
1201.000000 2.203839
1202.000000 2.314932
1203.000000 2.438286
1204.000000 2.585825
1205.000000 2.693323
1206.000000 2.793554
1207.000000 2.950313
1208.000000 3.156994
1209.000000 3.443352
1210.000000 3.690293
1211.000000 4.004571
1212.000000 4.568479
1213.000000 5.474932
1214.000000 6.180719
1215.000000 6.433516
1216.000000 4.009978
1217.000000 3.763315
1218.000000 3.522787
1219.000000 3.285812
1220.000000 3.038930
1221.000000 2.861330
1222.000000 2.714873
1223.000000 2.578333
1224.000000 2.463244
1225.000000 2.352473
1226.000000 2.274247
1227.000000 2.192641
1228.000000 2.162319
1229.000000 2.111765
1230.000000 2.084417
1231.000000 2.061218
1232.000000 2.055480
1233.000000 2.043446
1234.000000 2.041653
1235.000000 2.050878
1236.000000 2.071014
1237.000000 2.070984
1238.000000 2.048873
1239.000000 2.031445
1240.000000 2.010990
1241.000000 1.972887
1242.000000 1.916054
1243.000000 1.848534
1244.000000 1.763864
1245.000000 1.702661
1246.000000 1.636098
1247.000000 1.575572
1248.000000 1.525978
1249.000000 1.488729
1250.000000 1.452152
1251.000000 1.419884
1252.000000 1.394933
1253.000000 1.369647
1254.000000 1.343031
1255.000000 1.323459
1256.000000 1.306482
1257.000000 1.295913
1258.000000 1.279544
1259.000000 1.262332
1260.000000 1.250716
1261.000000 1.237300
1262.000000 1.228233
1263.000000 1.218555
1264.000000 1.208060
1265.000000 1.195485
1266.000000 1.175150
1267.000000 1.155863
1268.000000 1.135342
1269.000000 1.120631
1270.000000 1.099860
1271.000000 1.086096
1272.000000 1.072041
1273.000000 1.058285
1274.000000 1.042279
1275.000000 1.031806
1276.000000 1.023637
1277.000000 1.015135
1278.000000 1.008339
1279.000000 1.001655
1280.000000 0.997456
1281.000000 0.991770
1282.000000 0.988073
1283.000000 0.986050
1284.000000 0.983752
1285.000000 0.979154
1286.000000 0.977631
1287.000000 0.973428
1288.000000 0.978640
1289.000000 0.975719
1290.000000 0.976671
1291.000000 0.982477
1292.000000 0.984909
1293.000000 0.988753
1294.000000 0.991324
1295.000000 0.993830
1296.000000 1.000240
1297.000000 1.008734
1298.000000 1.016307
1299.000000 1.020410
1300.000000 1.029798
1301.000000 1.038331
1302.000000 1.042285
1303.000000 1.051207
1304.000000 1.051357
1305.000000 1.051499
1306.000000 1.052474
1307.000000 1.046926
1308.000000 1.036250
1309.000000 1.028880
1310.000000 1.016499
1311.000000 1.005944
1312.000000 0.990666
1313.000000 0.974157
1314.000000 0.963179
1315.000000 0.951630
1316.000000 0.940929
1317.000000 0.931049
1318.000000 0.927064
1319.000000 0.923275
1320.000000 0.919463
1321.000000 0.918083
1322.000000 0.912219
1323.000000 0.912822
1324.000000 0.913903
1325.000000 0.914882
1326.000000 0.919088
1327.000000 0.920272
1328.000000 0.922889
1329.000000 0.929605
1330.000000 0.938203
1331.000000 0.944606
1332.000000 0.954239
1333.000000 0.954555
1334.000000 0.955490
1335.000000 0.958194
1336.000000 0.958011
1337.000000 0.956917
1338.000000 0.951790
1339.000000 0.945003
1340.000000 0.936036
1341.000000 0.930733
1342.000000 0.927561
1343.000000 0.920700
1344.000000 0.915048
1345.000000 0.911619
1346.000000 0.904580
1347.000000 0.902135
1348.000000 0.900386
1349.000000 0.896130
1350.000000 0.893042
1351.000000 0.890047
1352.000000 0.886182
1353.000000 0.884394
1354.000000 0.883157
1355.000000 0.885126
1356.000000 0.884138
1357.000000 0.883864
1358.000000 0.886374
1359.000000 0.883969
1360.000000 0.886052
1361.000000 0.887345
1362.000000 0.887726
1363.000000 0.889629
1364.000000 0.892469
1365.000000 0.891344
1366.000000 0.892892
1367.000000 0.891994
1368.000000 0.891746
1369.000000 0.892986
1370.000000 0.896770
1371.000000 0.897599
1372.000000 0.899064
1373.000000 0.900670
1374.000000 0.904617
1375.000000 0.904641
1376.000000 0.908425
1377.000000 0.913028
1378.000000 0.918042
1379.000000 0.928614
1380.000000 0.929622
1381.000000 0.936189
1382.000000 0.942593
1383.000000 0.951813
1384.000000 0.963813
1385.000000 0.972174
1386.000000 0.981865
1387.000000 0.994650
1388.000000 1.006546
1389.000000 1.024619
1390.000000 1.036739
1391.000000 1.050910
1392.000000 1.057068
1393.000000 1.059598
1394.000000 1.067387
1395.000000 1.067167
1396.000000 1.071968
1397.000000 1.072856
1398.000000 1.076531
1399.000000 1.079798
1400.000000 1.084335
1401.000000 1.078168
1402.000000 1.071813
1403.000000 1.057773
1404.000000 1.040565
1405.000000 1.025430
1406.000000 1.007656
1407.000000 0.992288
1408.000000 0.974339
1409.000000 0.955579
1410.000000 0.946484
1411.000000 0.935070
1412.000000 0.922528
1413.000000 0.911283
1414.000000 0.901475
1415.000000 0.893043
1416.000000 0.883915
1417.000000 0.878041
1418.000000 0.869486
1419.000000 0.863930
1420.000000 0.857177
1421.000000 0.853412
1422.000000 0.847234
1423.000000 0.843157
1424.000000 0.839470
1425.000000 0.833674
1426.000000 0.829005
1427.000000 0.825436
1428.000000 0.821627
1429.000000 0.816467
1430.000000 0.813331
1431.000000 0.811877
1432.000000 0.806592
1433.000000 0.805504
1434.000000 0.801783
1435.000000 0.799810
1436.000000 0.795296
1437.000000 0.794763
1438.000000 0.790047
1439.000000 0.788654
1440.000000 0.785246
1441.000000 0.782548
1442.000000 0.779084
1443.000000 0.778753
1444.000000 0.776870
1445.000000 0.775427
1446.000000 0.772897
1447.000000 0.773266
1448.000000 0.771651
1449.000000 0.769726
1450.000000 0.770417
1451.000000 0.772593
1452.000000 0.772540
1453.000000 0.772180
1454.000000 0.771634
1455.000000 0.771574
1456.000000 0.771235
1457.000000 0.768915
1458.000000 0.768968
1459.000000 0.766628
1460.000000 0.766810
1461.000000 0.765565
1462.000000 0.767361
1463.000000 0.765133
1464.000000 0.764715
1465.000000 0.767276
1466.000000 0.766510
1467.000000 0.765807
1468.000000 0.766901
1469.000000 0.764897
1470.000000 0.767412
1471.000000 0.769260
1472.000000 0.767004
1473.000000 0.767522
1474.000000 0.769848
1475.000000 0.771293
1476.000000 0.771126
1477.000000 0.775723
1478.000000 0.777910
1479.000000 0.780008
1480.000000 0.781967
1481.000000 0.784972
1482.000000 0.787072
1483.000000 0.788443
1484.000000 0.791275
1485.000000 0.793476
1486.000000 0.791768
1487.000000 0.792150
1488.000000 0.789853
1489.000000 0.790602
1490.000000 0.790521
1491.000000 0.790104
1492.000000 0.794666
1493.000000 0.793059
1494.000000 0.793218
1495.000000 0.795528
1496.000000 0.798396
1497.000000 0.799714
1498.000000 0.803001
1499.000000 0.806606
1500.000000 0.806264
1501.000000 0.807482
1502.000000 0.809086
1503.000000 0.810174
1504.000000 0.814782
1505.000000 0.812857
1506.000000 0.820166
1507.000000 0.822957
1508.000000 0.828598
1509.000000 0.830759
1510.000000 0.835428
1511.000000 0.839838
1512.000000 0.844977
1513.000000 0.853781
1514.000000 0.860226
1515.000000 0.865165
1516.000000 0.874145
1517.000000 0.882442
1518.000000 0.892344
1519.000000 0.903921
1520.000000 0.914260
1521.000000 0.927054
1522.000000 0.942891
1523.000000 0.958959
1524.000000 0.973043
1525.000000 0.987145
1526.000000 1.003081
1527.000000 1.019963
1528.000000 1.037103
1529.000000 1.054089
1530.000000 1.080063
1531.000000 1.100564
1532.000000 1.124125
1533.000000 1.146366
1534.000000 1.172404
1535.000000 1.195128
1536.000000 1.221227
1537.000000 1.249806
1538.000000 1.278967
1539.000000 1.316224
1540.000000 1.354561
1541.000000 1.394079
1542.000000 1.435948
1543.000000 1.478484
1544.000000 1.538137
1545.000000 1.589665
1546.000000 1.630439
1547.000000 1.650873
1548.000000 1.645819
1549.000000 1.617218
1550.000000 1.562430
1551.000000 1.503120
1552.000000 1.446530
1553.000000 1.379023
1554.000000 1.325871
1555.000000 1.279133
1556.000000 1.238105
1557.000000 1.196280
1558.000000 1.161288
1559.000000 1.128448
1560.000000 1.097766
1561.000000 1.068245
1562.000000 1.042851
1563.000000 1.018720
1564.000000 0.999792
1565.000000 0.983166
1566.000000 0.963650
1567.000000 0.949381
1568.000000 0.936448
1569.000000 0.925197
1570.000000 0.908355
1571.000000 0.897754
1572.000000 0.887741
1573.000000 0.878816
1574.000000 0.869048
1575.000000 0.858071
1576.000000 0.851405
1577.000000 0.845086
1578.000000 0.838390
1579.000000 0.830518
1580.000000 0.824538
1581.000000 0.818871
1582.000000 0.814057
1583.000000 0.808770
1584.000000 0.803603
1585.000000 0.798716
1586.000000 0.797565
1587.000000 0.791503
1588.000000 0.789493
1589.000000 0.785015
1590.000000 0.781295
1591.000000 0.779834
1592.000000 0.774570
1593.000000 0.775195
1594.000000 0.773998
1595.000000 0.771261
1596.000000 0.769242
1597.000000 0.768497
1598.000000 0.767687
1599.000000 0.768012
1600.000000 0.765366
1601.000000 0.766504
1602.000000 0.764057
1603.000000 0.765295
1604.000000 0.764070
1605.000000 0.763256
1606.000000 0.760431
1607.000000 0.760405
1608.000000 0.757637
1609.000000 0.756927
1610.000000 0.756915
1611.000000 0.756112
1612.000000 0.755868
1613.000000 0.756282
1614.000000 0.754320
1615.000000 0.755537
1616.000000 0.756282
1617.000000 0.756366
1618.000000 0.755155
1619.000000 0.755570
1620.000000 0.755094
1621.000000 0.754616
1622.000000 0.756277
1623.000000 0.755834
1624.000000 0.755499
1625.000000 0.757985
1626.000000 0.759180
1627.000000 0.758598
1628.000000 0.758310
1629.000000 0.761294
1630.000000 0.761748
1631.000000 0.764398
1632.000000 0.767579
1633.000000 0.771017
1634.000000 0.772302
1635.000000 0.778817
1636.000000 0.780248
1637.000000 0.783280
1638.000000 0.785992
1639.000000 0.784323
1640.000000 0.779080
1641.000000 0.769531
1642.000000 0.759512
1643.000000 0.749548
1644.000000 0.745954
1645.000000 0.740852
1646.000000 0.734127
1647.000000 0.729642
1648.000000 0.728630
1649.000000 0.724956
1650.000000 0.722749
1651.000000 0.722767
1652.000000 0.722855
1653.000000 0.722845
1654.000000 0.722274
1655.000000 0.721573
1656.000000 0.724437
1657.000000 0.724007
1658.000000 0.723625
1659.000000 0.723449
1660.000000 0.726530
1661.000000 0.725730
1662.000000 0.727555
1663.000000 0.724139
1664.000000 0.724744
1665.000000 0.721123
1666.000000 0.720341
1667.000000 0.713955
1668.000000 0.707939
1669.000000 0.705257
1670.000000 0.699763
1671.000000 0.694500
1672.000000 0.689010
1673.000000 0.685773
1674.000000 0.680360
1675.000000 0.674202
1676.000000 0.670238
1677.000000 0.666293
1678.000000 0.661721
1679.000000 0.659600
1680.000000 0.656065
1681.000000 0.650752
1682.000000 0.648220
1683.000000 0.645327
1684.000000 0.642303
1685.000000 0.640065
1686.000000 0.636558
1687.000000 0.636004
1688.000000 0.635456
1689.000000 0.633339
1690.000000 0.632326
1691.000000 0.630673
1692.000000 0.629708
1693.000000 0.628916
1694.000000 0.630047
1695.000000 0.628668
1696.000000 0.626910
1697.000000 0.627233
1698.000000 0.626077
1699.000000 0.624910
1700.000000 0.625185
1701.000000 0.626096
1702.000000 0.627270
1703.000000 0.625366
1704.000000 0.625480
1705.000000 0.625595
1706.000000 0.626931
1707.000000 0.629247
1708.000000 0.629624
1709.000000 0.629572
1710.000000 0.629761
1711.000000 0.629227
1712.000000 0.630917
1713.000000 0.630794
1714.000000 0.632415
1715.000000 0.632204
1716.000000 0.631808
1717.000000 0.631178
1718.000000 0.632192
1719.000000 0.633321
1720.000000 0.632875
1721.000000 0.632240
1722.000000 0.631604
1723.000000 0.629173
1724.000000 0.629562
1725.000000 0.630380
1726.000000 0.630844
1727.000000 0.627858
1728.000000 0.627979
1729.000000 0.627328
1730.000000 0.625485
1731.000000 0.625730
1732.000000 0.625858
1733.000000 0.625417
1734.000000 0.624296
1735.000000 0.626046
1736.000000 0.626429
1737.000000 0.626836
1738.000000 0.627991
1739.000000 0.627721
1740.000000 0.629446
1741.000000 0.631957
1742.000000 0.632676
1743.000000 0.634662
1744.000000 0.636877
1745.000000 0.636382
1746.000000 0.639273
1747.000000 0.637297
1748.000000 0.638317
1749.000000 0.637952
1750.000000 0.634852
1751.000000 0.635852
1752.000000 0.630640
1753.000000 0.629076
1754.000000 0.626617
1755.000000 0.621668
1756.000000 0.620945
1757.000000 0.615397
1758.000000 0.613506
1759.000000 0.610474
1760.000000 0.612338
1761.000000 0.608116
1762.000000 0.606463
1763.000000 0.604724
1764.000000 0.603668
1765.000000 0.603107
1766.000000 0.599377
1767.000000 0.597096
1768.000000 0.598146
1769.000000 0.597393
1770.000000 0.598695
1771.000000 0.594766
1772.000000 0.594750
1773.000000 0.592687
1774.000000 0.593565
1775.000000 0.593021
1776.000000 0.592111
1777.000000 0.592852
1778.000000 0.592875
1779.000000 0.594774
1780.000000 0.591662
1781.000000 0.593430
1782.000000 0.595535
1783.000000 0.596261
1784.000000 0.598110
1785.000000 0.597123
1786.000000 0.597435
1787.000000 0.599344
1788.000000 0.593747
1789.000000 0.592723
1790.000000 0.592567
1791.000000 0.589285
1792.000000 0.586850
1793.000000 0.584608
1794.000000 0.583063
1795.000000 0.581363
1796.000000 0.579852
1797.000000 0.577772
1798.000000 0.578355
1799.000000 0.577314
1800.000000 0.574611
1801.000000 0.572652
1802.000000 0.573958
1803.000000 0.575782
1804.000000 0.577033
1805.000000 0.575969
1806.000000 0.576557
1807.000000 0.575725
1808.000000 0.574737
1809.000000 0.577814
1810.000000 0.576381
1811.000000 0.574953
1812.000000 0.577383
1813.000000 0.578399
1814.000000 0.577358
1815.000000 0.577399
1816.000000 0.576877
1817.000000 0.574993
1818.000000 0.573810
1819.000000 0.574949
1820.000000 0.573707
1821.000000 0.572068
1822.000000 0.570538
1823.000000 0.572017
1824.000000 0.570532
1825.000000 0.567813
1826.000000 0.568087
1827.000000 0.566333
1828.000000 0.565492
1829.000000 0.565390
1830.000000 0.564018
1831.000000 0.563584
1832.000000 0.566616
1833.000000 0.567011
1834.000000 0.569457
1835.000000 0.569428
1836.000000 0.570972
1837.000000 0.572745
1838.000000 0.569810
1839.000000 0.573056
1840.000000 0.572429
1841.000000 0.576569
1842.000000 0.579784
1843.000000 0.581468
1844.000000 0.582087
1845.000000 0.582105
1846.000000 0.585469
1847.000000 0.588907
1848.000000 0.591124
1849.000000 0.594287
1850.000000 0.598275
1851.000000 0.598033
1852.000000 0.604480
1853.000000 0.605781
1854.000000 0.606454
1855.000000 0.606791
1856.000000 0.609478
1857.000000 0.610559
1858.000000 0.611592
1859.000000 0.613429
1860.000000 0.612210
1861.000000 0.614838
1862.000000 0.610688
1863.000000 0.615066
1864.000000 0.611037
1865.000000 0.611648
1866.000000 0.610581
1867.000000 0.608343
1868.000000 0.608795
1869.000000 0.608621
1870.000000 0.608359
1871.000000 0.607156
1872.000000 0.609810
1873.000000 0.607577
1874.000000 0.610009
1875.000000 0.611154
1876.000000 0.615004
1877.000000 0.616412
1878.000000 0.620680
1879.000000 0.621339
1880.000000 0.625894
1881.000000 0.635106
1882.000000 0.636144
1883.000000 0.644771
1884.000000 0.650710
1885.000000 0.655340
1886.000000 0.663909
1887.000000 0.670710
1888.000000 0.678815
1889.000000 0.686524
1890.000000 0.694471
1891.000000 0.701083
1892.000000 0.707153
1893.000000 0.712614
1894.000000 0.717572
1895.000000 0.721656
1896.000000 0.726377
1897.000000 0.729447
1898.000000 0.734594
1899.000000 0.738050
1900.000000 0.745012
1901.000000 0.751578
1902.000000 0.760489
1903.000000 0.771267
1904.000000 0.780658
1905.000000 0.788969
1906.000000 0.797528
1907.000000 0.799276
1908.000000 0.795939
1909.000000 0.788158
1910.000000 0.778592
1911.000000 0.765914
1912.000000 0.753325
1913.000000 0.741265
1914.000000 0.730068
1915.000000 0.715420
1916.000000 0.703021
1917.000000 0.692077
1918.000000 0.681173
1919.000000 0.670043
1920.000000 0.659037
1921.000000 0.650932
1922.000000 0.642039
1923.000000 0.632786
1924.000000 0.624586
1925.000000 0.617005
1926.000000 0.610909
1927.000000 0.603157
1928.000000 0.597956
1929.000000 0.592142
1930.000000 0.585881
1931.000000 0.580214
1932.000000 0.574976
1933.000000 0.568390
1934.000000 0.565165
1935.000000 0.558782
1936.000000 0.555597
1937.000000 0.551755
1938.000000 0.546306
1939.000000 0.543920
1940.000000 0.542441
1941.000000 0.537827
1942.000000 0.536428
1943.000000 0.531067
1944.000000 0.531714
1945.000000 0.528316
1946.000000 0.527536
1947.000000 0.522412
1948.000000 0.521698
1949.000000 0.519646
1950.000000 0.518347
1951.000000 0.517876
1952.000000 0.515774
1953.000000 0.512769
1954.000000 0.511378
1955.000000 0.509446
1956.000000 0.508760
1957.000000 0.506390
1958.000000 0.505866
1959.000000 0.503261
1960.000000 0.501012
1961.000000 0.497586
1962.000000 0.496839
1963.000000 0.493025
1964.000000 0.494678
1965.000000 0.491504
1966.000000 0.492032
1967.000000 0.490333
1968.000000 0.489707
1969.000000 0.486144
1970.000000 0.485870
1971.000000 0.486455
1972.000000 0.484006
1973.000000 0.483518
1974.000000 0.483987
1975.000000 0.481345
1976.000000 0.480929
1977.000000 0.479945
1978.000000 0.480801
1979.000000 0.478811
1980.000000 0.478996
1981.000000 0.479670
1982.000000 0.477444
1983.000000 0.478211
1984.000000 0.478023
1985.000000 0.478698
1986.000000 0.478608
1987.000000 0.476864
1988.000000 0.478982
1989.000000 0.477457
1990.000000 0.477684
1991.000000 0.477900
1992.000000 0.476824
1993.000000 0.479200
1994.000000 0.476981
1995.000000 0.476380
1996.000000 0.475118
1997.000000 0.477037
1998.000000 0.475449
1999.000000 0.475078
2000.000000 0.476632
2001.000000 0.472922
2002.000000 0.472830
2003.000000 0.474070
2004.000000 0.472331
2005.000000 0.471926
2006.000000 0.470450
2007.000000 0.470984
2008.000000 0.467717
2009.000000 0.468502
2010.000000 0.469645
2011.000000 0.468566
2012.000000 0.466579
2013.000000 0.465121
2014.000000 0.466499
2015.000000 0.465980
2016.000000 0.465531
2017.000000 0.464192
2018.000000 0.465907
2019.000000 0.462741
2020.000000 0.464353
2021.000000 0.462939
2022.000000 0.461720
2023.000000 0.461585
2024.000000 0.462554
2025.000000 0.460195
2026.000000 0.459629
2027.000000 0.457114
2028.000000 0.459098
2029.000000 0.458829
2030.000000 0.460274
2031.000000 0.459280
2032.000000 0.458508
2033.000000 0.457307
2034.000000 0.457993
2035.000000 0.458679
2036.000000 0.458665
2037.000000 0.457256
2038.000000 0.456009
2039.000000 0.457864
2040.000000 0.457716
2041.000000 0.456804
2042.000000 0.456640
2043.000000 0.457268
2044.000000 0.458393
2045.000000 0.457884
2046.000000 0.457723
2047.000000 0.457584
2048.000000 0.455119
2049.000000 0.457832
2050.000000 0.456896
2051.000000 0.458547
2052.000000 0.460460
2053.000000 0.460926
2054.000000 0.461493
2055.000000 0.462546
2056.000000 0.463063
2057.000000 0.464073
2058.000000 0.465888
2059.000000 0.467911
2060.000000 0.465835
2061.000000 0.469327
2062.000000 0.469464
2063.000000 0.470019
2064.000000 0.470024
2065.000000 0.471126
2066.000000 0.470645
2067.000000 0.472441
2068.000000 0.470780
2069.000000 0.472283
2070.000000 0.472679
2071.000000 0.471080
2072.000000 0.470384
2073.000000 0.470467
2074.000000 0.467200
2075.000000 0.469492
2076.000000 0.469889
2077.000000 0.468145
2078.000000 0.469383
2079.000000 0.465493
2080.000000 0.466943
2081.000000 0.466000
2082.000000 0.465030
2083.000000 0.463981
2084.000000 0.462822
2085.000000 0.463282
2086.000000 0.461865
2087.000000 0.461476
2088.000000 0.460861
2089.000000 0.458600
2090.000000 0.459134
2091.000000 0.457240
2092.000000 0.457115
2093.000000 0.455949
2094.000000 0.454959
2095.000000 0.455662
2096.000000 0.451937
2097.000000 0.451736
2098.000000 0.451080
2099.000000 0.452459
2100.000000 0.450952
2101.000000 0.447569
2102.000000 0.448465
2103.000000 0.446281
2104.000000 0.447081
2105.000000 0.446343
2106.000000 0.443823
2107.000000 0.445945
2108.000000 0.443946
2109.000000 0.443198
2110.000000 0.441906
2111.000000 0.440915
2112.000000 0.440998
2113.000000 0.439285
2114.000000 0.436676
2115.000000 0.436173
2116.000000 0.436567
2117.000000 0.434079
2118.000000 0.433760
2119.000000 0.430959
2120.000000 0.433697
2121.000000 0.429903
2122.000000 0.428330
2123.000000 0.428359
2124.000000 0.428577
2125.000000 0.427799
2126.000000 0.427279
2127.000000 0.425788
2128.000000 0.425206
2129.000000 0.425667
2130.000000 0.424179
2131.000000 0.423190
2132.000000 0.423196
2133.000000 0.424401
2134.000000 0.424516
2135.000000 0.421204
2136.000000 0.422872
2137.000000 0.422133
2138.000000 0.421362
2139.000000 0.422967
2140.000000 0.421921
2141.000000 0.422151
2142.000000 0.421064
2143.000000 0.420451
2144.000000 0.421065
2145.000000 0.417293
2146.000000 0.416479
2147.000000 0.418093
2148.000000 0.416942
2149.000000 0.416503
2150.000000 0.413347
2151.000000 0.412932
2152.000000 0.410982
2153.000000 0.411382
2154.000000 0.411283
2155.000000 0.409232
2156.000000 0.408731
2157.000000 0.408211
2158.000000 0.407819
2159.000000 0.409429
2160.000000 0.408576
2161.000000 0.410613
2162.000000 0.408869
2163.000000 0.408845
2164.000000 0.409009
2165.000000 0.409137
2166.000000 0.408881
2167.000000 0.409593
2168.000000 0.409507
2169.000000 0.409094
2170.000000 0.407284
2171.000000 0.407555
2172.000000 0.407415
2173.000000 0.406772
2174.000000 0.409350
2175.000000 0.407855
2176.000000 0.406492
2177.000000 0.407510
2178.000000 0.405721
2179.000000 0.404551
2180.000000 0.404555
2181.000000 0.402696
2182.000000 0.405138
2183.000000 0.402697
2184.000000 0.404205
2185.000000 0.401105
2186.000000 0.400922
2187.000000 0.400233
2188.000000 0.400213
2189.000000 0.400286
2190.000000 0.398200
2191.000000 0.397891
2192.000000 0.396771
2193.000000 0.396130
2194.000000 0.395547
2195.000000 0.396183
2196.000000 0.392939
2197.000000 0.393872
2198.000000 0.392942
2199.000000 0.392063
2200.000000 0.392321
2201.000000 0.394076
2202.000000 0.391421
2203.000000 0.392938
2204.000000 0.392775
2205.000000 0.392391
2206.000000 0.391722
2207.000000 0.390936
2208.000000 0.392777
2209.000000 0.393511
2210.000000 0.394359
2211.000000 0.392728
2212.000000 0.393056
2213.000000 0.391000
2214.000000 0.394652
2215.000000 0.392054
2216.000000 0.392243
2217.000000 0.393481
2218.000000 0.393516
2219.000000 0.393606
2220.000000 0.394292
2221.000000 0.394597
2222.000000 0.393110
2223.000000 0.393851
2224.000000 0.394373
2225.000000 0.393946
2226.000000 0.390643
2227.000000 0.389228
2228.000000 0.391090
2229.000000 0.390095
2230.000000 0.388194
2231.000000 0.390291
2232.000000 0.389951
2233.000000 0.387857
2234.000000 0.387093
2235.000000 0.387405
2236.000000 0.385035
2237.000000 0.384866
2238.000000 0.385749
2239.000000 0.385283
2240.000000 0.386169
2241.000000 0.385248
2242.000000 0.384145
2243.000000 0.383473
2244.000000 0.382801
2245.000000 0.383083
2246.000000 0.383686
2247.000000 0.385446
2248.000000 0.386657
2249.000000 0.384976
2250.000000 0.384995
2251.000000 0.385811
2252.000000 0.387677
2253.000000 0.384339
2254.000000 0.387630
2255.000000 0.387095
2256.000000 0.385596
2257.000000 0.385602
2258.000000 0.388008
2259.000000 0.386266
2260.000000 0.386960
2261.000000 0.388275
2262.000000 0.390346
2263.000000 0.389655
2264.000000 0.389933
2265.000000 0.387780
2266.000000 0.388751
2267.000000 0.390657
2268.000000 0.391026
2269.000000 0.390415
2270.000000 0.390430
2271.000000 0.389615
2272.000000 0.390680
2273.000000 0.392471
2274.000000 0.390222
2275.000000 0.392256
2276.000000 0.397674
2277.000000 0.394814
2278.000000 0.394838
2279.000000 0.396785
2280.000000 0.395585
2281.000000 0.396699
2282.000000 0.397474
2283.000000 0.397256
2284.000000 0.397074
2285.000000 0.396988
2286.000000 0.396484
2287.000000 0.398714
2288.000000 0.400120
2289.000000 0.398596
2290.000000 0.400499
2291.000000 0.400616
2292.000000 0.399764
2293.000000 0.400935
2294.000000 0.400476
2295.000000 0.400542
2296.000000 0.402140
2297.000000 0.402896
2298.000000 0.403576
2299.000000 0.404482
2300.000000 0.406070
2301.000000 0.404749
2302.000000 0.406704
2303.000000 0.406242
2304.000000 0.403569
2305.000000 0.405935
2306.000000 0.406989
2307.000000 0.406060
2308.000000 0.407016
2309.000000 0.408613
2310.000000 0.404694
2311.000000 0.407312
2312.000000 0.404746
2313.000000 0.405401
2314.000000 0.407066
2315.000000 0.406817
2316.000000 0.409910
2317.000000 0.409036
2318.000000 0.409803
2319.000000 0.413552
2320.000000 0.410664
2321.000000 0.410801
2322.000000 0.413237
2323.000000 0.412926
2324.000000 0.413695
2325.000000 0.414064
2326.000000 0.414708
2327.000000 0.414906
2328.000000 0.413613
2329.000000 0.413181
2330.000000 0.414051
2331.000000 0.412874
2332.000000 0.410319
2333.000000 0.411388
2334.000000 0.409834
2335.000000 0.407126
2336.000000 0.406453
2337.000000 0.406035
2338.000000 0.406198
2339.000000 0.405404
2340.000000 0.402855
2341.000000 0.402213
2342.000000 0.400484
2343.000000 0.401335
2344.000000 0.400561
2345.000000 0.398032
2346.000000 0.400147
2347.000000 0.400357
2348.000000 0.398107
2349.000000 0.397260
2350.000000 0.395626
2351.000000 0.396955
2352.000000 0.395014
2353.000000 0.394666
2354.000000 0.395974
2355.000000 0.395143
2356.000000 0.395215
2357.000000 0.394709
2358.000000 0.394630
2359.000000 0.393546
2360.000000 0.391846
2361.000000 0.391842
2362.000000 0.391608
2363.000000 0.391329
2364.000000 0.390872
2365.000000 0.392543
2366.000000 0.388559
2367.000000 0.391826
2368.000000 0.388570
2369.000000 0.389123
2370.000000 0.390174
2371.000000 0.389836
2372.000000 0.387379
2373.000000 0.386741
2374.000000 0.385244
2375.000000 0.384232
2376.000000 0.387097
2377.000000 0.390485
2378.000000 0.387623
2379.000000 0.387893
2380.000000 0.387975
2381.000000 0.387152
2382.000000 0.387196
2383.000000 0.384978
2384.000000 0.386171
2385.000000 0.386347
2386.000000 0.387240
2387.000000 0.387153
2388.000000 0.388325
2389.000000 0.388066
2390.000000 0.387378
2391.000000 0.388379
2392.000000 0.387429
2393.000000 0.387209
2394.000000 0.386873
2395.000000 0.388286
2396.000000 0.388230
2397.000000 0.385924
2398.000000 0.387370
2399.000000 0.391942
2400.000000 0.387522
2401.000000 0.389721
2402.000000 0.386187
2403.000000 0.386588
2404.000000 0.387442
2405.000000 0.387797
2406.000000 0.388362
2407.000000 0.390595
2408.000000 0.391349
2409.000000 0.390408
2410.000000 0.392878
2411.000000 0.392762
2412.000000 0.388673
2413.000000 0.393270
2414.000000 0.393301
2415.000000 0.394875
2416.000000 0.396087
2417.000000 0.398934
2418.000000 0.397952
2419.000000 0.399641
2420.000000 0.405052
2421.000000 0.400906
2422.000000 0.403781
2423.000000 0.398335
2424.000000 0.399779
2425.000000 0.398182
2426.000000 0.398162
2427.000000 0.397788
2428.000000 0.398720
2429.000000 0.396211
2430.000000 0.396498
2431.000000 0.397090
2432.000000 0.393097
2433.000000 0.392879
2434.000000 0.394311
2435.000000 0.395342
2436.000000 0.391951
2437.000000 0.392929
2438.000000 0.390557
2439.000000 0.394320
2440.000000 0.393337
2441.000000 0.391193
2442.000000 0.387605
2443.000000 0.390837
2444.000000 0.389153
2445.000000 0.388935
2446.000000 0.385765
2447.000000 0.386176
2448.000000 0.383956
2449.000000 0.386837
2450.000000 0.386731
2451.000000 0.387091
2452.000000 0.385255
2453.000000 0.383159
2454.000000 0.384996
2455.000000 0.384523
2456.000000 0.385058
2457.000000 0.383300
2458.000000 0.382270
2459.000000 0.382964
2460.000000 0.385335
2461.000000 0.384891
2462.000000 0.385509
2463.000000 0.385312
2464.000000 0.386200
2465.000000 0.385336
2466.000000 0.386647
2467.000000 0.385268
2468.000000 0.385053
2469.000000 0.386625
2470.000000 0.387804
2471.000000 0.385345
2472.000000 0.384586
2473.000000 0.384443
2474.000000 0.383235
2475.000000 0.383691
2476.000000 0.384510
2477.000000 0.383702
2478.000000 0.383861
2479.000000 0.381093
2480.000000 0.384231
2481.000000 0.383515
2482.000000 0.385303
2483.000000 0.380852
2484.000000 0.381682
2485.000000 0.381442
2486.000000 0.381191
2487.000000 0.380323
2488.000000 0.380422
2489.000000 0.382317
2490.000000 0.381779
2491.000000 0.381886
2492.000000 0.380685
2493.000000 0.382484
2494.000000 0.382571
2495.000000 0.377126
2496.000000 0.377909
2497.000000 0.378160
2498.000000 0.377303
2499.000000 0.377664
2500.000000 0.377635
2501.000000 0.377652
2502.000000 0.376675
2503.000000 0.379244
2504.000000 0.378272
2505.000000 0.378775
2506.000000 0.376741
2507.000000 0.377182
2508.000000 0.377700
2509.000000 0.378261
2510.000000 0.377078
2511.000000 0.374912
2512.000000 0.373744
2513.000000 0.376831
2514.000000 0.372217
2515.000000 0.375550
2516.000000 0.373510
2517.000000 0.374271
2518.000000 0.372573
2519.000000 0.372509
2520.000000 0.371493
2521.000000 0.369237
2522.000000 0.370265
2523.000000 0.371084
2524.000000 0.372453
2525.000000 0.373751
2526.000000 0.368837
2527.000000 0.369918
2528.000000 0.369255
2529.000000 0.370480
2530.000000 0.369417
2531.000000 0.370364
2532.000000 0.367348
2533.000000 0.370480
2534.000000 0.368707
2535.000000 0.372551
2536.000000 0.369770
2537.000000 0.368709
2538.000000 0.367368
2539.000000 0.369988
2540.000000 0.369213
2541.000000 0.369197
2542.000000 0.365315
2543.000000 0.365964
2544.000000 0.364804
2545.000000 0.367673
2546.000000 0.364584
2547.000000 0.366928
2548.000000 0.367323
2549.000000 0.365040
2550.000000 0.362529
2551.000000 0.363874
2552.000000 0.362997
2553.000000 0.364998
2554.000000 0.359109
2555.000000 0.359625
2556.000000 0.360316
2557.000000 0.358265
2558.000000 0.358838
2559.000000 0.359833
2560.000000 0.359235
2561.000000 0.359389
2562.000000 0.362778
2563.000000 0.360685
2564.000000 0.357233
2565.000000 0.357069
2566.000000 0.357826
2567.000000 0.355734
2568.000000 0.356986
2569.000000 0.355170
2570.000000 0.353281
2571.000000 0.355728
2572.000000 0.355793
2573.000000 0.354635
2574.000000 0.354947
2575.000000 0.355086
2576.000000 0.352384
2577.000000 0.352978
2578.000000 0.352365
2579.000000 0.355298
2580.000000 0.350844
2581.000000 0.351585
2582.000000 0.350675
2583.000000 0.350110
2584.000000 0.349924
2585.000000 0.350477
2586.000000 0.349333
2587.000000 0.349767
2588.000000 0.348011
2589.000000 0.346599
2590.000000 0.350540
2591.000000 0.348083
2592.000000 0.348070
2593.000000 0.350315
2594.000000 0.348072
2595.000000 0.347097
2596.000000 0.346589
2597.000000 0.346227
2598.000000 0.347801
2599.000000 0.346523
2600.000000 0.345208
2601.000000 0.346896
2602.000000 0.343164
2603.000000 0.343823
2604.000000 0.346945
2605.000000 0.343998
2606.000000 0.344248
2607.000000 0.344704
2608.000000 0.345995
2609.000000 0.345554
2610.000000 0.347059
2611.000000 0.344653
2612.000000 0.346077
2613.000000 0.342479
2614.000000 0.344278
2615.000000 0.345375
2616.000000 0.344532
2617.000000 0.344892
2618.000000 0.345591
2619.000000 0.344395
2620.000000 0.346995
2621.000000 0.345416
2622.000000 0.345310
2623.000000 0.345301
2624.000000 0.343738
2625.000000 0.343319
2626.000000 0.340987
2627.000000 0.343198
2628.000000 0.344263
2629.000000 0.341097
2630.000000 0.340635
2631.000000 0.337224
2632.000000 0.336093
2633.000000 0.339629
2634.000000 0.337929
2635.000000 0.341181
2636.000000 0.336993
2637.000000 0.335189
2638.000000 0.333319
2639.000000 0.331769
2640.000000 0.333753
2641.000000 0.330560
2642.000000 0.331784
2643.000000 0.328830
2644.000000 0.327704
2645.000000 0.326690
2646.000000 0.326154
2647.000000 0.324400
2648.000000 0.324325
2649.000000 0.325768
2650.000000 0.322944
2651.000000 0.322842
2652.000000 0.325033
2653.000000 0.324259
2654.000000 0.323875
2655.000000 0.324314
2656.000000 0.321824
2657.000000 0.322188
2658.000000 0.323675
2659.000000 0.322833
2660.000000 0.322066
2661.000000 0.323039
2662.000000 0.323338
2663.000000 0.322205
2664.000000 0.323603
2665.000000 0.324685
2666.000000 0.324025
2667.000000 0.326428
2668.000000 0.323179
2669.000000 0.326398
2670.000000 0.325144
2671.000000 0.325624
2672.000000 0.326518
2673.000000 0.323507
2674.000000 0.324853
2675.000000 0.324898
2676.000000 0.327486
2677.000000 0.326193
2678.000000 0.323860
2679.000000 0.324241
2680.000000 0.322203
2681.000000 0.324842
2682.000000 0.323123
2683.000000 0.325090
2684.000000 0.323143
2685.000000 0.324290
2686.000000 0.325314
2687.000000 0.325077
2688.000000 0.325244
2689.000000 0.323547
2690.000000 0.322044
2691.000000 0.321104
2692.000000 0.322253
2693.000000 0.324081
2694.000000 0.323837
2695.000000 0.321922
2696.000000 0.323997
2697.000000 0.326159
2698.000000 0.324026
2699.000000 0.325696
2700.000000 0.325693
2701.000000 0.329019
2702.000000 0.330290
2703.000000 0.328861
2704.000000 0.324605
2705.000000 0.330749
2706.000000 0.329349
2707.000000 0.329835
2708.000000 0.330800
2709.000000 0.327971
2710.000000 0.329510
2711.000000 0.331668
2712.000000 0.333907
2713.000000 0.331475
2714.000000 0.332417
2715.000000 0.334708
2716.000000 0.333210
2717.000000 0.336086
2718.000000 0.333814
2719.000000 0.333877
2720.000000 0.337434
2721.000000 0.337246
2722.000000 0.341329
2723.000000 0.339872
2724.000000 0.340457
2725.000000 0.343991
2726.000000 0.339798
2727.000000 0.340897
2728.000000 0.340897
2729.000000 0.339721
2730.000000 0.339627
2731.000000 0.344508
2732.000000 0.346539
2733.000000 0.344759
2734.000000 0.346278
2735.000000 0.343598
2736.000000 0.350948
2737.000000 0.348230
2738.000000 0.347993
2739.000000 0.348307
2740.000000 0.344267
2741.000000 0.348319
2742.000000 0.348552
2743.000000 0.348264
2744.000000 0.350423
2745.000000 0.350060
2746.000000 0.350545
2747.000000 0.350350
2748.000000 0.351075
2749.000000 0.353068
2750.000000 0.353362
2751.000000 0.354348
2752.000000 0.353710
2753.000000 0.355154
2754.000000 0.355520
2755.000000 0.355432
2756.000000 0.360765
2757.000000 0.356753
2758.000000 0.358499
2759.000000 0.355400
2760.000000 0.356641
2761.000000 0.356042
2762.000000 0.358974
2763.000000 0.360176
2764.000000 0.359327
2765.000000 0.363447
2766.000000 0.362287
2767.000000 0.361901
2768.000000 0.365038
2769.000000 0.363571
2770.000000 0.371921
2771.000000 0.367172
2772.000000 0.374004
2773.000000 0.373757
2774.000000 0.379430
2775.000000 0.378211
2776.000000 0.384780
2777.000000 0.386671
2778.000000 0.387927
2779.000000 0.394291
2780.000000 0.396458
2781.000000 0.401250
2782.000000 0.405186
2783.000000 0.407496
2784.000000 0.415700
2785.000000 0.420159
2786.000000 0.426650
2787.000000 0.430948
2788.000000 0.438736
2789.000000 0.441284
2790.000000 0.451366
2791.000000 0.457141
2792.000000 0.469397
2793.000000 0.476326
2794.000000 0.477523
2795.000000 0.481990
2796.000000 0.484562
2797.000000 0.494755
2798.000000 0.496039
2799.000000 0.500055
2800.000000 0.496652
2801.000000 0.493533
2802.000000 0.493847
2803.000000 0.489752
2804.000000 0.489279
2805.000000 0.486190
2806.000000 0.480786
2807.000000 0.473311
2808.000000 0.468521
2809.000000 0.457119
2810.000000 0.456035
2811.000000 0.449728
2812.000000 0.442137
2813.000000 0.435036
2814.000000 0.424935
2815.000000 0.424369
2816.000000 0.416187
2817.000000 0.412409
2818.000000 0.406054
2819.000000 0.401306
2820.000000 0.393139
2821.000000 0.390953
2822.000000 0.387636
2823.000000 0.385799
2824.000000 0.380638
2825.000000 0.377676
2826.000000 0.375691
2827.000000 0.370797
2828.000000 0.372803
2829.000000 0.363799
2830.000000 0.368616
2831.000000 0.361121
2832.000000 0.361627
2833.000000 0.354901
2834.000000 0.355534
2835.000000 0.356418
2836.000000 0.354152
2837.000000 0.351056
2838.000000 0.350035
2839.000000 0.351222
2840.000000 0.348563
2841.000000 0.347590
2842.000000 0.345432
2843.000000 0.344296
2844.000000 0.341465
2845.000000 0.341823
2846.000000 0.336844
2847.000000 0.339360
2848.000000 0.338935
2849.000000 0.337185
2850.000000 0.334677
2851.000000 0.336423
2852.000000 0.333831
2853.000000 0.331811
2854.000000 0.333257
2855.000000 0.328572
2856.000000 0.329687
2857.000000 0.326754
2858.000000 0.324672
2859.000000 0.326513
2860.000000 0.322916
2861.000000 0.323639
2862.000000 0.321497
2863.000000 0.318569
2864.000000 0.320061
2865.000000 0.316402
2866.000000 0.318236
2867.000000 0.315279
2868.000000 0.318020
2869.000000 0.318779
2870.000000 0.321100
2871.000000 0.311950
2872.000000 0.313936
2873.000000 0.312624
2874.000000 0.320543
2875.000000 0.311928
2876.000000 0.318746
2877.000000 0.305818
2878.000000 0.308955
2879.000000 0.310145
2880.000000 0.313225
2881.000000 0.311652
2882.000000 0.312265
2883.000000 0.305347
2884.000000 0.312304
2885.000000 0.305514
2886.000000 0.309413
2887.000000 0.302416
2888.000000 0.305260
2889.000000 0.304429
2890.000000 0.304684
2891.000000 0.300410
2892.000000 0.302998
2893.000000 0.305600
2894.000000 0.302860
2895.000000 0.300328
2896.000000 0.296822
2897.000000 0.298048
2898.000000 0.300549
2899.000000 0.297914
2900.000000 0.299939
2901.000000 0.295404
2902.000000 0.293845
2903.000000 0.293467
2904.000000 0.296692
2905.000000 0.293380
2906.000000 0.296886
2907.000000 0.294193
2908.000000 0.298050
2909.000000 0.292383
2910.000000 0.298052
2911.000000 0.292259
2912.000000 0.293927
2913.000000 0.291251
2914.000000 0.293162
2915.000000 0.287126
2916.000000 0.296092
2917.000000 0.289358
2918.000000 0.297522
2919.000000 0.293585
2920.000000 0.296146
2921.000000 0.301226
2922.000000 0.297630
2923.000000 0.295392
2924.000000 0.296899
2925.000000 0.300828
2926.000000 0.297302
2927.000000 0.297346
2928.000000 0.302583
2929.000000 0.297460
2930.000000 0.303090
2931.000000 0.298940
2932.000000 0.300585
2933.000000 0.298013
2934.000000 0.297889
2935.000000 0.303957
2936.000000 0.297395
2937.000000 0.302533
2938.000000 0.299547
2939.000000 0.303295
2940.000000 0.298023
2941.000000 0.301718
2942.000000 0.296030
2943.000000 0.303900
2944.000000 0.298147
2945.000000 0.299127
2946.000000 0.296132
2947.000000 0.303210
2948.000000 0.299329
2949.000000 0.303059
2950.000000 0.296215
2951.000000 0.301696
2952.000000 0.302330
2953.000000 0.299057
2954.000000 0.298610
2955.000000 0.293150
2956.000000 0.294794
2957.000000 0.292747
2958.000000 0.296428
2959.000000 0.292991
2960.000000 0.298108
2961.000000 0.292092
2962.000000 0.293835
2963.000000 0.290783
2964.000000 0.297650
2965.000000 0.297319
2966.000000 0.296997
2967.000000 0.293104
2968.000000 0.290961
2969.000000 0.288598
2970.000000 0.291831
2971.000000 0.293433
2972.000000 0.289627
2973.000000 0.291972
2974.000000 0.284878
2975.000000 0.291377
2976.000000 0.290025
2977.000000 0.288625
2978.000000 0.286305
2979.000000 0.292684
2980.000000 0.289549
2981.000000 0.289051
2982.000000 0.293298
2983.000000 0.290821
2984.000000 0.289375
2985.000000 0.285167
2986.000000 0.286121
2987.000000 0.280682
2988.000000 0.285171
2989.000000 0.278863
2990.000000 0.283384
2991.000000 0.285666
2992.000000 0.280092
2993.000000 0.278628
2994.000000 0.277388
2995.000000 0.278227
2996.000000 0.273338
2997.000000 0.280202
2998.000000 0.273744
2999.000000 0.279633
3000.000000 0.277310
3001.000000 0.270755
3002.000000 0.271401
3003.000000 0.275488
3004.000000 0.273268
3005.000000 0.271080
3006.000000 0.274180
3007.000000 0.269942
3008.000000 0.271343
3009.000000 0.265653
3010.000000 0.259337
3011.000000 0.267659
3012.000000 0.269753
3013.000000 0.266086
3014.000000 0.263769
3015.000000 0.265118
3016.000000 0.258095
3017.000000 0.260606
3018.000000 0.263575
3019.000000 0.264750
3020.000000 0.261739
3021.000000 0.258911
3022.000000 0.253066
3023.000000 0.251803
3024.000000 0.262717
3025.000000 0.263335
3026.000000 0.258000
3027.000000 0.258452
3028.000000 0.255081
3029.000000 0.257655
3030.000000 0.246441
3031.000000 0.257529
3032.000000 0.254214
3033.000000 0.256969
3034.000000 0.249872
3035.000000 0.252052
3036.000000 0.254640
3037.000000 0.254271
3038.000000 0.255248
3039.000000 0.253024
3040.000000 0.259446
3041.000000 0.259795
3042.000000 0.256450
3043.000000 0.256658
3044.000000 0.250270
3045.000000 0.261174
3046.000000 0.253092
3047.000000 0.258920
3048.000000 0.256562
3049.000000 0.247993
3050.000000 0.258833
3051.000000 0.245373
3052.000000 0.256974
3053.000000 0.256875
3054.000000 0.255663
3055.000000 0.253515
3056.000000 0.253822
3057.000000 0.253066
3058.000000 0.253029
3059.000000 0.257966
3060.000000 0.255293
3061.000000 0.251033
3062.000000 0.250797
3063.000000 0.250255
3064.000000 0.256464
3065.000000 0.256702
3066.000000 0.252569
3067.000000 0.261993
3068.000000 0.250072
3069.000000 0.258965
3070.000000 0.252887
3071.000000 0.253969
3072.000000 0.255922
3073.000000 0.260526
3074.000000 0.253021
3075.000000 0.259967
3076.000000 0.253565
3077.000000 0.248146
3078.000000 0.251118
3079.000000 0.250888
3080.000000 0.249312
3081.000000 0.261905
3082.000000 0.251061
3083.000000 0.251969
3084.000000 0.252550
3085.000000 0.249891
3086.000000 0.257718
3087.000000 0.247961
3088.000000 0.250355
3089.000000 0.251847
3090.000000 0.249385
3091.000000 0.249931
3092.000000 0.242349
3093.000000 0.254598
3094.000000 0.254102
3095.000000 0.249775
3096.000000 0.264383
3097.000000 0.252645
3098.000000 0.260453
3099.000000 0.260400
3100.000000 0.257134
3101.000000 0.249161
3102.000000 0.244901
3103.000000 0.257751
3104.000000 0.252529
3105.000000 0.252943
3106.000000 0.254615
3107.000000 0.250436
3108.000000 0.251095
3109.000000 0.261530
3110.000000 0.262642
3111.000000 0.262054
3112.000000 0.246914
3113.000000 0.248717
3114.000000 0.252771
3115.000000 0.256004
3116.000000 0.261962
3117.000000 0.252468
3118.000000 0.257388
3119.000000 0.252178
3120.000000 0.254637
3121.000000 0.265356
3122.000000 0.259587
3123.000000 0.261155
3124.000000 0.259389
3125.000000 0.251300
3126.000000 0.265596
3127.000000 0.261521
3128.000000 0.263808
3129.000000 0.274276
3130.000000 0.255280
3131.000000 0.271846
3132.000000 0.252222
3133.000000 0.256341
3134.000000 0.261511
3135.000000 0.258960
3136.000000 0.257358
3137.000000 0.252070
3138.000000 0.263998
3139.000000 0.249444
3140.000000 0.263664
3141.000000 0.263406
3142.000000 0.263445
3143.000000 0.251929
3144.000000 0.259471
3145.000000 0.262077
3146.000000 0.256929
3147.000000 0.272457
3148.000000 0.252062
3149.000000 0.250547
3150.000000 0.250813
3151.000000 0.248622
3152.000000 0.254641
3153.000000 0.245404
3154.000000 0.257618
3155.000000 0.262554
3156.000000 0.247958
3157.000000 0.259911
3158.000000 0.256182
3159.000000 0.246987
3160.000000 0.254459
3161.000000 0.259198
3162.000000 0.268087
3163.000000 0.248156
3164.000000 0.241620
3165.000000 0.253383
3166.000000 0.269134
3167.000000 0.248048
3168.000000 0.274260
3169.000000 0.273214
3170.000000 0.246533
3171.000000 0.274127
3172.000000 0.247042
3173.000000 0.263077
3174.000000 0.255017
3175.000000 0.271077
3176.000000 0.267621
3177.000000 0.242084
3178.000000 0.252921
3179.000000 0.270157
3180.000000 0.249053
3181.000000 0.253443
3182.000000 0.255192
3183.000000 0.266294
3184.000000 0.269368
3185.000000 0.262718
3186.000000 0.255189
3187.000000 0.257965
3188.000000 0.272633
3189.000000 0.281657
3190.000000 0.283434
3191.000000 0.254805
3192.000000 0.259184
3193.000000 0.238915
3194.000000 0.254950
3195.000000 0.276413
3196.000000 0.268473
3197.000000 0.272883
3198.000000 0.271313
3199.000000 0.235287
3200.000000 0.252119
3201.000000 0.285240
3202.000000 0.264506
3203.000000 0.270249
3204.000000 0.268373
3205.000000 0.231306
3206.000000 0.259958
3207.000000 0.256629
3208.000000 0.251726
3209.000000 0.265722
3210.000000 0.267934
3211.000000 0.236176
3212.000000 0.248949
3213.000000 0.290625
3214.000000 0.267486
3215.000000 0.247841
3216.000000 0.264826
3217.000000 0.264901
3218.000000 0.273867
3219.000000 0.271063
3220.000000 0.244780
3221.000000 0.279476
3222.000000 0.225011
3223.000000 0.254521
3224.000000 0.248515
3225.000000 0.268411
3226.000000 0.279176
3227.000000 0.273493
3228.000000 0.258809
3229.000000 0.244627
3230.000000 0.248986
3231.000000 0.239701
3232.000000 0.261633
3233.000000 0.244244
3234.000000 0.235786
3235.000000 0.249921
3236.000000 0.270823
3237.000000 0.240209
3238.000000 0.235504
3239.000000 0.261140
3240.000000 0.261718
3241.000000 0.263248
3242.000000 0.254456
3243.000000 0.265909
3244.000000 0.269935
3245.000000 0.218817
3246.000000 0.274726
3247.000000 0.281305
3248.000000 0.249553
3249.000000 0.231006
3250.000000 0.243899
3251.000000 0.246583
3252.000000 0.243602
3253.000000 0.252711
3254.000000 0.267338
3255.000000 0.309609
3256.000000 0.254953
3257.000000 0.281477
3258.000000 0.237500
3259.000000 0.256686
3260.000000 0.258573
3261.000000 0.260737
3262.000000 0.240988
3263.000000 0.187044
3264.000000 0.180642
3265.000000 0.261644
3266.000000 0.244960
3267.000000 0.253564
3268.000000 0.240654
3269.000000 0.305112
3270.000000 0.295499
3271.000000 0.195725
3272.000000 0.175023
3273.000000 0.285004
3274.000000 0.390627
3275.000000 0.338109
3276.000000 0.252274
3277.000000 0.185972
3278.000000 0.381826
3279.000000 0.341829
3280.000000 0.297673
3281.000000 0.187578
3282.000000 -0.055657
3283.000000 0.297279
3284.000000 0.535734
3285.000000 0.213653
3286.000000 0.245758
3287.000000 0.408999
3288.000000 0.547356
3289.000000 0.168195
3290.000000 1.034967
3291.000000 1.187138
3292.000000 2.109229
3293.000000 2.719526
3294.000000 1.827826
3295.000000 -3.025473
3296.000000 16.508769
3297.000000 2.610134
3298.000000 -0.377367
3299.000000 -9.435388
3300.000000 nan
3301.000000 nan
3302.000000 nan
3303.000000 nan
3304.000000 nan
3305.000000 nan
3306.000000 nan
3307.000000 nan
3308.000000 nan
3309.000000 nan
3310.000000 nan
3311.000000 nan
3312.000000 nan
3313.000000 nan
3314.000000 nan
3315.000000 nan
3316.000000 nan
3317.000000 nan
3318.000000 nan
3319.000000 nan
3320.000000 nan
3321.000000 nan
3322.000000 nan
3323.000000 nan
3324.000000 nan
3325.000000 nan
3326.000000 nan
3327.000000 nan
3328.000000 nan
3329.000000 nan
3330.000000 nan
3331.000000 nan
3332.000000 nan
3333.000000 nan
3334.000000 nan
3335.000000 nan
3336.000000 nan
3337.000000 nan
3338.000000 nan
3339.000000 nan
3340.000000 nan
3341.000000 nan
3342.000000 nan
3343.000000 nan
3344.000000 nan
3345.000000 nan
3346.000000 nan
3347.000000 nan
3348.000000 nan
3349.000000 nan
3350.000000 nan
3351.000000 nan
3352.000000 nan
3353.000000 nan
3354.000000 nan
3355.000000 nan
3356.000000 nan
3357.000000 nan
3358.000000 nan
3359.000000 nan
3360.000000 nan
3361.000000 nan
3362.000000 nan
3363.000000 nan
3364.000000 nan
3365.000000 nan
3366.000000 nan
3367.000000 nan
3368.000000 nan
3369.000000 nan
3370.000000 nan
3371.000000 nan
3372.000000 nan
3373.000000 nan
3374.000000 nan
3375.000000 nan
3376.000000 nan
3377.000000 nan
3378.000000 nan
3379.000000 nan
3380.000000 nan
3381.000000 nan
3382.000000 nan
3383.000000 nan
3384.000000 nan
3385.000000 nan
3386.000000 nan
3387.000000 nan
3388.000000 nan
3389.000000 nan
3390.000000 nan
3391.000000 nan
3392.000000 nan
3393.000000 nan
3394.000000 nan
3395.000000 nan
3396.000000 nan
3397.000000 nan
3398.000000 nan
3399.000000 nan
3400.000000 nan
3401.000000 nan
3402.000000 nan
3403.000000 nan
3404.000000 nan
3405.000000 nan
3406.000000 nan
3407.000000 nan
3408.000000 nan
3409.000000 nan
3410.000000 nan
3411.000000 nan
3412.000000 nan
3413.000000 nan
3414.000000 nan
3415.000000 nan
3416.000000 nan
3417.000000 nan
3418.000000 nan
3419.000000 nan
3420.000000 nan
3421.000000 nan
3422.000000 nan
3423.000000 nan
3424.000000 nan
3425.000000 nan
3426.000000 nan
3427.000000 nan
3428.000000 nan
3429.000000 nan
3430.000000 nan
3431.000000 nan
3432.000000 nan
3433.000000 nan
3434.000000 nan
3435.000000 nan
3436.000000 nan
3437.000000 nan
3438.000000 nan
3439.000000 nan
3440.000000 nan
3441.000000 nan
3442.000000 nan
3443.000000 nan
3444.000000 nan
3445.000000 nan
3446.000000 nan
3447.000000 nan
3448.000000 nan
3449.000000 nan
3450.000000 nan
3451.000000 nan
3452.000000 nan
3453.000000 nan
3454.000000 nan
3455.000000 nan
3456.000000 nan
3457.000000 nan
3458.000000 nan
3459.000000 nan
3460.000000 nan
3461.000000 nan
3462.000000 nan
3463.000000 nan
3464.000000 nan
3465.000000 nan
3466.000000 nan
3467.000000 nan
3468.000000 nan
3469.000000 nan
3470.000000 nan
3471.000000 nan
3472.000000 nan
3473.000000 nan
3474.000000 nan
3475.000000 nan
3476.000000 nan
3477.000000 nan
3478.000000 nan
3479.000000 nan
3480.000000 nan
3481.000000 nan
3482.000000 nan
3483.000000 nan
3484.000000 nan
3485.000000 nan
3486.000000 nan
3487.000000 nan
3488.000000 nan
3489.000000 nan
3490.000000 nan
3491.000000 nan
3492.000000 nan
3493.000000 nan
3494.000000 nan
3495.000000 nan
3496.000000 nan
3497.000000 nan
3498.000000 nan
3499.000000 nan
3500.000000 nan
3501.000000 nan
3502.000000 nan
3503.000000 nan
3504.000000 nan
3505.000000 nan
3506.000000 nan
3507.000000 nan
3508.000000 nan
3509.000000 nan
3510.000000 nan
3511.000000 nan
3512.000000 nan
3513.000000 nan
3514.000000 nan
3515.000000 nan
3516.000000 nan
3517.000000 nan
3518.000000 nan
3519.000000 nan
3520.000000 nan
3521.000000 nan
3522.000000 nan
3523.000000 nan
3524.000000 nan
3525.000000 nan
3526.000000 nan
3527.000000 nan
3528.000000 nan
3529.000000 nan
3530.000000 nan
3531.000000 nan
3532.000000 nan
3533.000000 nan
3534.000000 nan
3535.000000 nan
3536.000000 nan
3537.000000 nan
3538.000000 nan
3539.000000 nan
3540.000000 nan
3541.000000 nan
3542.000000 nan
3543.000000 nan
3544.000000 nan
3545.000000 nan
3546.000000 nan
3547.000000 nan
3548.000000 nan
3549.000000 nan
3550.000000 nan
3551.000000 nan
3552.000000 nan
3553.000000 nan
3554.000000 nan
3555.000000 nan
3556.000000 nan
3557.000000 nan
3558.000000 nan
3559.000000 nan
3560.000000 nan
3561.000000 nan
3562.000000 nan
3563.000000 nan
3564.000000 nan
3565.000000 nan
3566.000000 nan
3567.000000 nan
3568.000000 nan
3569.000000 nan
3570.000000 nan
3571.000000 nan
3572.000000 nan
3573.000000 nan
3574.000000 nan
3575.000000 nan
3576.000000 nan
3577.000000 nan
3578.000000 nan
3579.000000 nan
3580.000000 nan
3581.000000 nan
3582.000000 nan
3583.000000 nan
3584.000000 nan
3585.000000 nan
3586.000000 nan
3587.000000 nan
3588.000000 nan
3589.000000 nan
3590.000000 nan
3591.000000 nan
3592.000000 nan
3593.000000 nan
3594.000000 nan
3595.000000 nan
3596.000000 nan
3597.000000 nan
3598.000000 nan
3599.000000 nan
3600.000000 nan
