600.000000 0.143262
601.000000 0.326031
602.000000 0.362986
603.000000 0.042474
604.000000 0.031370
605.000000 0.254880
606.000000 -0.380374
607.000000 0.349670
608.000000 0.209680
609.000000 0.069888
610.000000 -0.247580
611.000000 -0.118284
612.000000 0.048911
613.000000 0.248818
614.000000 0.082981
615.000000 -0.096445
616.000000 -0.166214
617.000000 -0.105982
618.000000 -0.035148
619.000000 -0.017105
620.000000 -0.016199
621.000000 -0.075482
622.000000 -0.056539
623.000000 0.096955
624.000000 0.011293
625.000000 0.199378
626.000000 -0.125731
627.000000 -0.031312
628.000000 0.045228
629.000000 0.073729
630.000000 0.032808
631.000000 -0.143078
632.000000 -0.009016
633.000000 0.045642
634.000000 0.034326
635.000000 0.093732
636.000000 -0.055512
637.000000 0.084721
638.000000 -0.015822
639.000000 -0.002120
640.000000 -0.036753
641.000000 0.058934
642.000000 0.075381
643.000000 -0.044233
644.000000 -0.067936
645.000000 0.052103
646.000000 0.035942
647.000000 0.036582
648.000000 0.054913
649.000000 0.052372
650.000000 0.010184
651.000000 0.072898
652.000000 0.014146
653.000000 0.008335
654.000000 0.007153
655.000000 0.030242
656.000000 0.039884
657.000000 0.043599
658.000000 -0.006899
659.000000 -0.042412
660.000000 0.074069
661.000000 0.029239
662.000000 0.101342
663.000000 0.005858
664.000000 0.066731
665.000000 0.017228
666.000000 -0.025612
667.000000 0.054584
668.000000 0.031071
669.000000 -0.058372
670.000000 0.076227
671.000000 0.056012
672.000000 0.017780
673.000000 0.018853
674.000000 0.009028
675.000000 -0.013131
676.000000 -0.029499
677.000000 -0.062050
678.000000 0.123343
679.000000 -0.034166
680.000000 0.106256
681.000000 0.039294
682.000000 0.029818
683.000000 0.046758
684.000000 0.077811
685.000000 0.050960
686.000000 0.015725
687.000000 0.001346
688.000000 0.006619
689.000000 0.050118
690.000000 0.040370
691.000000 0.059592
692.000000 0.031339
693.000000 0.007814
694.000000 0.021892
695.000000 0.009202
696.000000 0.022791
697.000000 0.012519
698.000000 0.026540
699.000000 0.016302
700.000000 0.004003
701.000000 0.018370
702.000000 0.015442
703.000000 0.026542
704.000000 0.003157
705.000000 -0.008988
706.000000 -0.010364
707.000000 0.041273
708.000000 0.029389
709.000000 -0.008641
710.000000 -0.013906
711.000000 0.043566
712.000000 -0.007097
713.000000 0.002392
714.000000 -0.004109
715.000000 0.057040
716.000000 0.013400
717.000000 0.041336
718.000000 0.011047
719.000000 -0.000564
720.000000 0.032496
721.000000 0.009221
722.000000 0.028041
723.000000 0.036404
724.000000 0.003840
725.000000 -0.007262
726.000000 -0.003163
727.000000 0.007434
728.000000 0.031949
729.000000 -0.025624
730.000000 -0.025100
731.000000 0.020533
732.000000 -0.009232
733.000000 -0.000780
734.000000 0.014746
735.000000 0.037899
736.000000 0.000960
737.000000 0.018023
738.000000 0.021875
739.000000 0.020494
740.000000 0.023734
741.000000 0.000829
742.000000 0.005830
743.000000 0.000359
744.000000 0.012447
745.000000 0.027412
746.000000 0.009187
747.000000 0.007704
748.000000 0.010044
749.000000 0.010443
750.000000 0.026281
751.000000 -0.005911
752.000000 0.032655
753.000000 0.013429
754.000000 0.036804
755.000000 0.026612
756.000000 0.010385
757.000000 0.010291
758.000000 0.005938
759.000000 0.006311
760.000000 0.028255
761.000000 0.018043
762.000000 0.013786
763.000000 0.015225
764.000000 0.024012
765.000000 0.022778
766.000000 0.027183
767.000000 0.021472
768.000000 0.009899
769.000000 0.029373
770.000000 0.019934
771.000000 0.030299
772.000000 -0.001731
773.000000 0.025460
774.000000 0.023880
775.000000 0.022734
776.000000 0.039282
777.000000 0.015924
778.000000 0.029314
779.000000 0.031295
780.000000 0.021551
781.000000 0.033185
782.000000 0.017134
783.000000 0.033573
784.000000 0.024980
785.000000 0.011383
786.000000 0.036162
787.000000 0.026593
788.000000 0.028538
789.000000 0.012042
790.000000 0.032394
791.000000 0.030259
792.000000 0.041026
793.000000 0.020171
794.000000 0.032971
795.000000 0.040821
796.000000 0.028329
797.000000 0.037814
798.000000 0.012942
799.000000 0.036750
800.000000 0.028941
801.000000 0.023617
802.000000 0.041967
803.000000 0.024173
804.000000 0.031646
805.000000 0.030415
806.000000 0.029946
807.000000 0.025053
808.000000 0.022360
809.000000 0.026872
810.000000 0.035384
811.000000 0.037659
812.000000 0.020506
813.000000 0.030658
814.000000 0.021865
815.000000 0.038429
816.000000 0.046849
817.000000 0.019883
818.000000 0.034216
819.000000 0.035513
820.000000 0.028000
821.000000 0.019086
822.000000 0.033844
823.000000 0.029371
824.000000 0.042581
825.000000 0.044322
826.000000 0.040463
827.000000 0.036551
828.000000 0.038832
829.000000 0.033882
830.000000 0.029976
831.000000 0.034763
832.000000 0.028530
833.000000 0.046246
834.000000 0.047825
835.000000 0.046229
836.000000 0.049391
837.000000 0.038784
838.000000 0.056326
839.000000 0.057523
840.000000 0.043108
841.000000 0.054941
842.000000 0.047275
843.000000 0.063337
844.000000 0.059606
845.000000 0.064061
846.000000 0.061747
847.000000 0.066931
848.000000 0.070158
849.000000 0.071233
850.000000 0.075267
851.000000 0.082258
852.000000 0.080308
853.000000 0.083571
854.000000 0.089453
855.000000 0.101256
856.000000 0.093551
857.000000 0.116186
858.000000 0.110749
859.000000 0.120252
860.000000 0.132916
861.000000 0.127966
862.000000 0.148456
863.000000 0.152839
864.000000 0.150377
865.000000 0.175895
866.000000 0.155277
867.000000 0.143436
868.000000 0.167042
869.000000 0.188646
870.000000 0.181526
871.000000 0.165805
872.000000 0.182183
873.000000 0.188119
874.000000 0.204197
875.000000 0.219971
876.000000 0.219573
877.000000 0.228531
878.000000 0.228541
879.000000 0.236704
880.000000 0.238006
881.000000 0.248600
882.000000 0.263553
883.000000 0.257934
884.000000 0.277268
885.000000 0.286687
886.000000 0.293548
887.000000 0.296745
888.000000 0.313552
889.000000 0.310888
890.000000 0.325463
891.000000 0.331486
892.000000 0.372447
893.000000 0.375718
894.000000 0.351285
895.000000 0.368808
896.000000 0.395679
897.000000 0.409994
898.000000 0.396119
899.000000 0.426475
900.000000 0.414293
901.000000 0.439801
902.000000 0.451642
903.000000 0.463162
904.000000 0.486069
905.000000 0.449814
906.000000 0.480875
907.000000 0.509390
908.000000 0.516062
909.000000 0.498206
910.000000 0.564507
911.000000 0.565224
912.000000 0.564628
913.000000 0.591322
914.000000 0.595365
915.000000 0.609686
916.000000 0.579540
917.000000 0.624748
918.000000 0.681132
919.000000 0.671972
920.000000 0.663789
921.000000 0.709459
922.000000 0.701543
923.000000 0.708817
924.000000 0.720642
925.000000 0.743261
926.000000 0.756192
927.000000 0.757126
928.000000 0.738086
929.000000 0.807409
930.000000 0.797411
931.000000 0.793770
932.000000 0.815208
933.000000 0.829159
934.000000 0.823649
935.000000 0.827555
936.000000 0.845939
937.000000 0.852933
938.000000 0.838801
939.000000 0.841143
940.000000 0.869647
941.000000 0.895210
942.000000 0.872649
943.000000 0.875939
944.000000 0.879503
945.000000 0.901594
946.000000 0.885836
947.000000 0.899868
948.000000 0.906204
949.000000 0.878971
950.000000 0.861192
951.000000 0.871430
952.000000 0.895380
953.000000 0.886316
954.000000 0.862060
955.000000 0.871914
956.000000 0.869304
957.000000 0.882099
958.000000 0.867733
959.000000 0.836523
960.000000 0.852900
961.000000 0.856297
962.000000 0.853136
963.000000 0.873722
964.000000 0.881448
965.000000 0.893515
966.000000 0.891929
967.000000 0.928542
968.000000 0.918544
969.000000 0.948831
970.000000 0.957659
971.000000 1.007662
972.000000 1.003441
973.000000 1.006576
974.000000 1.060652
975.000000 1.090805
976.000000 1.115044
977.000000 1.120141
978.000000 1.070075
979.000000 1.079816
980.000000 1.095404
981.000000 1.103070
982.000000 1.092914
983.000000 1.103904
984.000000 1.121224
985.000000 1.128180
986.000000 1.141947
987.000000 1.174960
988.000000 1.166558
989.000000 1.167471
990.000000 1.145807
991.000000 1.120792
992.000000 1.134426
993.000000 1.134619
994.000000 1.105866
995.000000 1.083776
996.000000 1.051502
997.000000 1.061333
998.000000 1.061945
999.000000 1.060323
1000.000000 1.066950
1001.000000 1.058663
1002.000000 1.049116
1003.000000 1.019833
1004.000000 1.054490
1005.000000 1.082340
1006.000000 1.072854
1007.000000 1.084792
1008.000000 1.098001
1009.000000 1.085015
1010.000000 1.107128
1011.000000 1.108732
1012.000000 1.104667
1013.000000 1.120985
1014.000000 1.143420
1015.000000 1.152569
1016.000000 1.175288
1017.000000 1.168825
1018.000000 1.204940
1019.000000 1.219866
1020.000000 1.280718
1021.000000 1.291070
1022.000000 1.277405
1023.000000 1.339115
1024.000000 1.427876
1025.000000 1.460300
1026.000000 1.525455
1027.000000 1.560529
1028.000000 1.602356
1029.000000 1.650759
1030.000000 1.699761
1031.000000 1.722966
1032.000000 1.734805
1033.000000 1.711031
1034.000000 1.713850
1035.000000 1.728438
1036.000000 1.736132
1037.000000 1.712467
1038.000000 1.624721
1039.000000 1.541191
1040.000000 1.487835
1041.000000 1.451185
1042.000000 1.394991
1043.000000 1.367255
1044.000000 1.353085
1045.000000 1.320997
1046.000000 1.295115
1047.000000 1.278699
1048.000000 1.266141
1049.000000 1.265665
1050.000000 1.233687
1051.000000 1.249181
1052.000000 1.243969
1053.000000 1.202036
1054.000000 1.215297
1055.000000 1.228091
1056.000000 1.224600
1057.000000 1.231040
1058.000000 1.237196
1059.000000 1.249186
1060.000000 1.266671
1061.000000 1.261540
1062.000000 1.251414
1063.000000 1.255343
1064.000000 1.265343
1065.000000 1.256369
1066.000000 1.259482
1067.000000 1.246776
1068.000000 1.232336
1069.000000 1.263034
1070.000000 1.256720
1071.000000 1.264425
1072.000000 1.265396
1073.000000 1.260275
1074.000000 1.250942
1075.000000 1.227702
1076.000000 1.229264
1077.000000 1.206235
1078.000000 1.220697
1079.000000 1.216692
1080.000000 1.199586
1081.000000 1.189707
1082.000000 1.185173
1083.000000 1.184440
1084.000000 1.175171
1085.000000 1.173965
1086.000000 1.146904
1087.000000 1.152228
1088.000000 1.137881
1089.000000 1.116549
1090.000000 1.117524
1091.000000 1.116001
1092.000000 1.101943
1093.000000 1.083578
1094.000000 1.085005
1095.000000 1.081634
1096.000000 1.094254
1097.000000 1.084390
1098.000000 1.084959
1099.000000 1.078117
1100.000000 1.081784
1101.000000 1.089114
1102.000000 1.074859
1103.000000 1.075841
1104.000000 1.082705
1105.000000 1.081339
1106.000000 1.083235
1107.000000 1.078384
1108.000000 1.086722
1109.000000 1.092503
1110.000000 1.101763
1111.000000 1.113680
1112.000000 1.118104
1113.000000 1.130000
1114.000000 1.129601
1115.000000 1.132219
1116.000000 1.146209
1117.000000 1.147590
1118.000000 1.155566
1119.000000 1.149279
1120.000000 1.138478
1121.000000 1.149206
1122.000000 1.153613
1123.000000 1.153420
1124.000000 1.156976
1125.000000 1.143078
1126.000000 1.147679
1127.000000 1.140098
1128.000000 1.140510
1129.000000 1.134324
1130.000000 1.114929
1131.000000 1.108045
1132.000000 1.100957
1133.000000 1.098515
1134.000000 1.089058
1135.000000 1.087596
1136.000000 1.081468
1137.000000 1.075704
1138.000000 1.079114
1139.000000 1.094088
1140.000000 1.081507
1141.000000 1.077607
1142.000000 1.081874
1143.000000 1.078690
1144.000000 1.068092
1145.000000 1.076592
1146.000000 1.081982
1147.000000 1.076470
1148.000000 1.075192
1149.000000 1.090140
1150.000000 1.088758
1151.000000 1.088574
1152.000000 1.095749
1153.000000 1.090952
1154.000000 1.092175
1155.000000 1.103557
1156.000000 1.098919
1157.000000 1.112796
1158.000000 1.126272
1159.000000 1.119249
1160.000000 1.127948
1161.000000 1.141649
1162.000000 1.134930
1163.000000 1.143373
1164.000000 1.157350
1165.000000 1.174306
1166.000000 1.179513
1167.000000 1.192373
1168.000000 1.208305
1169.000000 1.218537
1170.000000 1.243454
1171.000000 1.254220
1172.000000 1.264569
1173.000000 1.284282
1174.000000 1.302758
1175.000000 1.301866
1176.000000 1.328414
1177.000000 1.348029
1178.000000 1.347167
1179.000000 1.326326
1180.000000 1.343642
1181.000000 1.374718
1182.000000 1.388416
1183.000000 1.395124
1184.000000 1.429237
1185.000000 1.453399
1186.000000 1.471915
1187.000000 1.499737
1188.000000 1.529562
1189.000000 1.577046
1190.000000 1.608576
1191.000000 1.658170
1192.000000 1.707024
1193.000000 1.755391
1194.000000 1.803468
1195.000000 1.857817
1196.000000 1.903558
1197.000000 1.969874
1198.000000 2.023670
1199.000000 2.077695
1200.000000 2.146158
1201.000000 2.250616
1202.000000 2.362680
1203.000000 2.488620
1204.000000 2.637776
1205.000000 2.746779
1206.000000 2.846053
1207.000000 3.003978
1208.000000 3.211825
1209.000000 3.499086
1210.000000 3.745271
1211.000000 4.056238
1212.000000 4.607466
1213.000000 5.478066
1214.000000 6.126926
1215.000000 6.349076
1216.000000 3.730848
1217.000000 3.513997
1218.000000 3.342008
1219.000000 3.153829
1220.000000 2.937680
1221.000000 2.788767
1222.000000 2.661020
1223.000000 2.535205
1224.000000 2.428432
1225.000000 2.325385
1226.000000 2.251148
1227.000000 2.173357
1228.000000 2.147731
1229.000000 2.097409
1230.000000 2.072690
1231.000000 2.049271
1232.000000 2.047074
1233.000000 2.033565
1234.000000 2.031452
1235.000000 2.040503
1236.000000 2.057975
1237.000000 2.055431
1238.000000 2.031636
1239.000000 2.015140
1240.000000 1.994610
1241.000000 1.955374
1242.000000 1.900511
1243.000000 1.834098
1244.000000 1.752755
1245.000000 1.693816
1246.000000 1.629171
1247.000000 1.570243
1248.000000 1.521532
1249.000000 1.484678
1250.000000 1.448898
1251.000000 1.417478
1252.000000 1.392183
1253.000000 1.368094
1254.000000 1.341023
1255.000000 1.322224
1256.000000 1.305368
1257.000000 1.295516
1258.000000 1.279319
1259.000000 1.261246
1260.000000 1.249940
1261.000000 1.236984
1262.000000 1.228252
1263.000000 1.218678
1264.000000 1.208450
1265.000000 1.195514
1266.000000 1.175081
1267.000000 1.155921
1268.000000 1.135543
1269.000000 1.120943
1270.000000 1.099864
1271.000000 1.086381
1272.000000 1.072477
1273.000000 1.058740
1274.000000 1.042334
1275.000000 1.032304
1276.000000 1.023979
1277.000000 1.015199
1278.000000 1.008338
1279.000000 1.001624
1280.000000 0.997770
1281.000000 0.992033
1282.000000 0.988153
1283.000000 0.986050
1284.000000 0.984180
1285.000000 0.979494
1286.000000 0.978232
1287.000000 0.973921
1288.000000 0.979280
1289.000000 0.976792
1290.000000 0.977401
1291.000000 0.983438
1292.000000 0.985663
1293.000000 0.990173
1294.000000 0.992868
1295.000000 0.994934
1296.000000 1.001595
1297.000000 1.009786
1298.000000 1.017174
1299.000000 1.021220
1300.000000 1.031267
1301.000000 1.039216
1302.000000 1.042523
1303.000000 1.051546
1304.000000 1.051662
1305.000000 1.052341
1306.000000 1.053384
1307.000000 1.048176
1308.000000 1.037621
1309.000000 1.030367
1310.000000 1.018079
1311.000000 1.007889
1312.000000 0.992568
1313.000000 0.976416
1314.000000 0.965341
1315.000000 0.954059
1316.000000 0.943586
1317.000000 0.933430
1318.000000 0.929330
1319.000000 0.925631
1320.000000 0.921846
1321.000000 0.921018
1322.000000 0.914710
1323.000000 0.915773
1324.000000 0.916868
1325.000000 0.917654
1326.000000 0.922227
1327.000000 0.923138
1328.000000 0.926095
1329.000000 0.932120
1330.000000 0.941199
1331.000000 0.947472
1332.000000 0.957188
1333.000000 0.957226
1334.000000 0.958393
1335.000000 0.960853
1336.000000 0.961302
1337.000000 0.959739
1338.000000 0.954966
1339.000000 0.948129
1340.000000 0.939562
1341.000000 0.934047
1342.000000 0.930941
1343.000000 0.923966
1344.000000 0.918591
1345.000000 0.914937
1346.000000 0.908245
1347.000000 0.905491
1348.000000 0.903863
1349.000000 0.899838
1350.000000 0.897112
1351.000000 0.894102
1352.000000 0.890279
1353.000000 0.888483
1354.000000 0.886765
1355.000000 0.889268
1356.000000 0.888327
1357.000000 0.887920
1358.000000 0.890678
1359.000000 0.887763
1360.000000 0.890221
1361.000000 0.891362
1362.000000 0.891642
1363.000000 0.894023
1364.000000 0.896684
1365.000000 0.895431
1366.000000 0.897266
1367.000000 0.896498
1368.000000 0.896573
1369.000000 0.897785
1370.000000 0.901179
1371.000000 0.902182
1372.000000 0.903713
1373.000000 0.905023
1374.000000 0.908925
1375.000000 0.909163
1376.000000 0.912719
1377.000000 0.917634
1378.000000 0.922667
1379.000000 0.933186
1380.000000 0.934058
1381.000000 0.940866
1382.000000 0.947384
1383.000000 0.956138
1384.000000 0.968299
1385.000000 0.976721
1386.000000 0.986472
1387.000000 0.998922
1388.000000 1.010940
1389.000000 1.029003
1390.000000 1.040188
1391.000000 1.054569
1392.000000 1.060726
1393.000000 1.063214
1394.000000 1.070901
1395.000000 1.070747
1396.000000 1.075394
1397.000000 1.076556
1398.000000 1.080107
1399.000000 1.083386
1400.000000 1.087589
1401.000000 1.081230
1402.000000 1.075100
1403.000000 1.061068
1404.000000 1.044383
1405.000000 1.029212
1406.000000 1.011368
1407.000000 0.996591
1408.000000 0.978782
1409.000000 0.959878
1410.000000 0.950819
1411.000000 0.939857
1412.000000 0.927564
1413.000000 0.916211
1414.000000 0.906600
1415.000000 0.897893
1416.000000 0.888991
1417.000000 0.883268
1418.000000 0.874435
1419.000000 0.868857
1420.000000 0.862217
1421.000000 0.858710
1422.000000 0.852510
1423.000000 0.848488
1424.000000 0.844643
1425.000000 0.839099
1426.000000 0.834120
1427.000000 0.830778
1428.000000 0.826968
1429.000000 0.822039
1430.000000 0.818785
1431.000000 0.817229
1432.000000 0.811965
1433.000000 0.811073
1434.000000 0.807320
1435.000000 0.805218
1436.000000 0.800579
1437.000000 0.800163
1438.000000 0.795497
1439.000000 0.794204
1440.000000 0.790758
1441.000000 0.788042
1442.000000 0.784728
1443.000000 0.784530
1444.000000 0.782648
1445.000000 0.780979
1446.000000 0.778647
1447.000000 0.779131
1448.000000 0.777329
1449.000000 0.775330
1450.000000 0.775997
1451.000000 0.778364
1452.000000 0.778471
1453.000000 0.778185
1454.000000 0.777635
1455.000000 0.777475
1456.000000 0.777000
1457.000000 0.774849
1458.000000 0.774821
1459.000000 0.772552
1460.000000 0.772717
1461.000000 0.771428
1462.000000 0.773128
1463.000000 0.771012
1464.000000 0.770585
1465.000000 0.773219
1466.000000 0.772283
1467.000000 0.771617
1468.000000 0.772808
1469.000000 0.770852
1470.000000 0.773492
1471.000000 0.775268
1472.000000 0.772866
1473.000000 0.773499
1474.000000 0.775909
1475.000000 0.777338
1476.000000 0.777316
1477.000000 0.781956
1478.000000 0.783917
1479.000000 0.785700
1480.000000 0.787729
1481.000000 0.790800
1482.000000 0.792655
1483.000000 0.794316
1484.000000 0.796940
1485.000000 0.799219
1486.000000 0.797649
1487.000000 0.797864
1488.000000 0.795623
1489.000000 0.796288
1490.000000 0.796559
1491.000000 0.795991
1492.000000 0.800539
1493.000000 0.799145
1494.000000 0.799309
1495.000000 0.801716
1496.000000 0.804638
1497.000000 0.806035
1498.000000 0.809226
1499.000000 0.812571
1500.000000 0.812411
1501.000000 0.813919
1502.000000 0.815272
1503.000000 0.816589
1504.000000 0.820853
1505.000000 0.818936
1506.000000 0.826471
1507.000000 0.829329
1508.000000 0.835002
1509.000000 0.837122
1510.000000 0.841735
1511.000000 0.846125
1512.000000 0.850849
1513.000000 0.859925
1514.000000 0.866344
1515.000000 0.871241
1516.000000 0.879921
1517.000000 0.888363
1518.000000 0.897926
1519.000000 0.909935
1520.000000 0.919834
1521.000000 0.932656
1522.000000 0.948824
1523.000000 0.964237
1524.000000 0.978709
1525.000000 0.992272
1526.000000 1.008411
1527.000000 1.024955
1528.000000 1.041919
1529.000000 1.058652
1530.000000 1.084110
1531.000000 1.104520
1532.000000 1.127900
1533.000000 1.149704
1534.000000 1.175442
1535.000000 1.197551
1536.000000 1.222871
1537.000000 1.251039
1538.000000 1.279610
1539.000000 1.315909
1540.000000 1.353764
1541.000000 1.391757
1542.000000 1.432589
1543.000000 1.473105
1544.000000 1.529185
1545.000000 1.577809
1546.000000 1.616045
1547.000000 1.634349
1548.000000 1.628102
1549.000000 1.600724
1550.000000 1.548569
1551.000000 1.492789
1552.000000 1.438407
1553.000000 1.373108
1554.000000 1.321917
1555.000000 1.276869
1556.000000 1.237480
1557.000000 1.196586
1558.000000 1.162172
1559.000000 1.130020
1560.000000 1.099933
1561.000000 1.070519
1562.000000 1.045837
1563.000000 1.021611
1564.000000 1.003121
1565.000000 0.987064
1566.000000 0.967839
1567.000000 0.953666
1568.000000 0.940875
1569.000000 0.929897
1570.000000 0.912914
1571.000000 0.902451
1572.000000 0.892910
1573.000000 0.884146
1574.000000 0.874098
1575.000000 0.863216
1576.000000 0.856263
1577.000000 0.850454
1578.000000 0.843834
1579.000000 0.836223
1580.000000 0.829861
1581.000000 0.824476
1582.000000 0.819717
1583.000000 0.814692
1584.000000 0.809056
1585.000000 0.804780
1586.000000 0.803405
1587.000000 0.797488
1588.000000 0.795468
1589.000000 0.791084
1590.000000 0.787087
1591.000000 0.785712
1592.000000 0.780287
1593.000000 0.781208
1594.000000 0.780009
1595.000000 0.777055
1596.000000 0.775177
1597.000000 0.774167
1598.000000 0.773765
1599.000000 0.773907
1600.000000 0.771570
1601.000000 0.772784
1602.000000 0.769821
1603.000000 0.771050
1604.000000 0.769850
1605.000000 0.769101
1606.000000 0.766201
1607.000000 0.766301
1608.000000 0.763762
1609.000000 0.762578
1610.000000 0.762818
1611.000000 0.762148
1612.000000 0.761667
1613.000000 0.762075
1614.000000 0.760367
1615.000000 0.761704
1616.000000 0.762284
1617.000000 0.762515
1618.000000 0.761149
1619.000000 0.761512
1620.000000 0.761303
1621.000000 0.760520
1622.000000 0.761958
1623.000000 0.761578
1624.000000 0.761133
1625.000000 0.763704
1626.000000 0.765069
1627.000000 0.764518
1628.000000 0.764034
1629.000000 0.767252
1630.000000 0.767519
1631.000000 0.769825
1632.000000 0.773219
1633.000000 0.776722
1634.000000 0.777880
1635.000000 0.784535
1636.000000 0.785763
1637.000000 0.788653
1638.000000 0.791441
1639.000000 0.789652
1640.000000 0.784568
1641.000000 0.775014
1642.000000 0.765167
1643.000000 0.755063
1644.000000 0.751602
1645.000000 0.746339
1646.000000 0.739456
1647.000000 0.734954
1648.000000 0.733847
1649.000000 0.730640
1650.000000 0.728211
1651.000000 0.728209
1652.000000 0.728479
1653.000000 0.728464
1654.000000 0.727995
1655.000000 0.727354
1656.000000 0.729880
1657.000000 0.729536
1658.000000 0.729071
1659.000000 0.728717
1660.000000 0.731815
1661.000000 0.731269
1662.000000 0.733043
1663.000000 0.729350
1664.000000 0.729840
1665.000000 0.726539
1666.000000 0.725427
1667.000000 0.719253
1668.000000 0.713428
1669.000000 0.710474
1670.000000 0.705041
1671.000000 0.699922
1672.000000 0.694418
1673.000000 0.691064
1674.000000 0.685341
1675.000000 0.679859
1676.000000 0.675502
1677.000000 0.671703
1678.000000 0.667155
1679.000000 0.664592
1680.000000 0.661386
1681.000000 0.655882
1682.000000 0.653711
1683.000000 0.650455
1684.000000 0.647591
1685.000000 0.645291
1686.000000 0.641724
1687.000000 0.641139
1688.000000 0.640782
1689.000000 0.639025
1690.000000 0.637604
1691.000000 0.636083
1692.000000 0.634934
1693.000000 0.633858
1694.000000 0.634968
1695.000000 0.633950
1696.000000 0.632280
1697.000000 0.632324
1698.000000 0.631320
1699.000000 0.630099
1700.000000 0.630070
1701.000000 0.631298
1702.000000 0.632197
1703.000000 0.630534
1704.000000 0.630794
1705.000000 0.630918
1706.000000 0.632097
1707.000000 0.634555
1708.000000 0.634614
1709.000000 0.634764
1710.000000 0.634904
1711.000000 0.634088
1712.000000 0.635988
1713.000000 0.635457
1714.000000 0.637286
1715.000000 0.637022
1716.000000 0.636742
1717.000000 0.636233
1718.000000 0.637347
1719.000000 0.638314
1720.000000 0.637656
1721.000000 0.636777
1722.000000 0.636377
1723.000000 0.633907
1724.000000 0.634676
1725.000000 0.635310
1726.000000 0.635916
1727.000000 0.632884
1728.000000 0.632826
1729.000000 0.632407
1730.000000 0.630223
1731.000000 0.630581
1732.000000 0.630465
1733.000000 0.630409
1734.000000 0.629079
1735.000000 0.631026
1736.000000 0.631212
1737.000000 0.631713
1738.000000 0.632510
1739.000000 0.632252
1740.000000 0.633886
1741.000000 0.636709
1742.000000 0.637471
1743.000000 0.639457
1744.000000 0.641681
1745.000000 0.641228
1746.000000 0.644272
1747.000000 0.642112
1748.000000 0.643287
1749.000000 0.642778
1750.000000 0.639592
1751.000000 0.640387
1752.000000 0.635419
1753.000000 0.633639
1754.000000 0.631328
1755.000000 0.626496
1756.000000 0.625671
1757.000000 0.619808
1758.000000 0.618019
1759.000000 0.615149
1760.000000 0.617055
1761.000000 0.613205
1762.000000 0.611522
1763.000000 0.609586
1764.000000 0.608375
1765.000000 0.607733
1766.000000 0.603612
1767.000000 0.601698
1768.000000 0.602698
1769.000000 0.602108
1770.000000 0.603472
1771.000000 0.599620
1772.000000 0.599502
1773.000000 0.597370
1774.000000 0.598075
1775.000000 0.597568
1776.000000 0.596896
1777.000000 0.597446
1778.000000 0.597491
1779.000000 0.599466
1780.000000 0.596579
1781.000000 0.598131
1782.000000 0.600392
1783.000000 0.600912
1784.000000 0.602775
1785.000000 0.601826
1786.000000 0.602238
1787.000000 0.604035
1788.000000 0.598101
1789.000000 0.597388
1790.000000 0.597133
1791.000000 0.593983
1792.000000 0.591689
1793.000000 0.589174
1794.000000 0.587699
1795.000000 0.586001
1796.000000 0.584480
1797.000000 0.582190
1798.000000 0.582763
1799.000000 0.582033
1800.000000 0.578963
1801.000000 0.577489
1802.000000 0.578716
1803.000000 0.580674
1804.000000 0.581811
1805.000000 0.580582
1806.000000 0.581339
1807.000000 0.580161
1808.000000 0.579293
1809.000000 0.582436
1810.000000 0.580750
1811.000000 0.579353
1812.000000 0.581790
1813.000000 0.583061
1814.000000 0.582057
1815.000000 0.581906
1816.000000 0.581632
1817.000000 0.579622
1818.000000 0.578203
1819.000000 0.579769
1820.000000 0.578358
1821.000000 0.576715
1822.000000 0.575193
1823.000000 0.576646
1824.000000 0.575253
1825.000000 0.572665
1826.000000 0.573054
1827.000000 0.571353
1828.000000 0.570362
1829.000000 0.570296
1830.000000 0.568552
1831.000000 0.568438
1832.000000 0.571110
1833.000000 0.571804
1834.000000 0.574156
1835.000000 0.574140
1836.000000 0.575699
1837.000000 0.577475
1838.000000 0.574552
1839.000000 0.578051
1840.000000 0.577199
1841.000000 0.581431
1842.000000 0.584765
1843.000000 0.586192
1844.000000 0.586753
1845.000000 0.586956
1846.000000 0.590221
1847.000000 0.593947
1848.000000 0.596192
1849.000000 0.599203
1850.000000 0.603483
1851.000000 0.603220
1852.000000 0.609682
1853.000000 0.610810
1854.000000 0.611664
1855.000000 0.611923
1856.000000 0.614621
1857.000000 0.615875
1858.000000 0.616799
1859.000000 0.618466
1860.000000 0.617447
1861.000000 0.620268
1862.000000 0.616072
1863.000000 0.620409
1864.000000 0.616348
1865.000000 0.617044
1866.000000 0.616025
1867.000000 0.613668
1868.000000 0.614003
1869.000000 0.614212
1870.000000 0.613692
1871.000000 0.612580
1872.000000 0.615687
1873.000000 0.613166
1874.000000 0.615412
1875.000000 0.616857
1876.000000 0.620565
1877.000000 0.621705
1878.000000 0.626363
1879.000000 0.627139
1880.000000 0.631570
1881.000000 0.640783
1882.000000 0.641879
1883.000000 0.651056
1884.000000 0.656727
1885.000000 0.661546
1886.000000 0.670399
1887.000000 0.677026
1888.000000 0.685151
1889.000000 0.692797
1890.000000 0.701010
1891.000000 0.707757
1892.000000 0.713675
1893.000000 0.719399
1894.000000 0.724322
1895.000000 0.728703
1896.000000 0.733336
1897.000000 0.736123
1898.000000 0.741437
1899.000000 0.745096
1900.000000 0.752297
1901.000000 0.758482
1902.000000 0.768032
1903.000000 0.778633
1904.000000 0.788156
1905.000000 0.796787
1906.000000 0.805125
1907.000000 0.806929
1908.000000 0.803269
1909.000000 0.795636
1910.000000 0.785767
1911.000000 0.773303
1912.000000 0.760438
1913.000000 0.748521
1914.000000 0.737075
1915.000000 0.721989
1916.000000 0.709844
1917.000000 0.698783
1918.000000 0.688021
1919.000000 0.676832
1920.000000 0.665600
1921.000000 0.657313
1922.000000 0.648735
1923.000000 0.639264
1924.000000 0.631212
1925.000000 0.623667
1926.000000 0.617815
1927.000000 0.609533
1928.000000 0.604676
1929.000000 0.598569
1930.000000 0.592172
1931.000000 0.586597
1932.000000 0.581207
1933.000000 0.574432
1934.000000 0.571741
1935.000000 0.564882
1936.000000 0.561734
1937.000000 0.557981
1938.000000 0.552703
1939.000000 0.550119
1940.000000 0.548716
1941.000000 0.544301
1942.000000 0.543030
1943.000000 0.537183
1944.000000 0.537875
1945.000000 0.534581
1946.000000 0.533882
1947.000000 0.528575
1948.000000 0.528030
1949.000000 0.525905
1950.000000 0.524587
1951.000000 0.524175
1952.000000 0.521888
1953.000000 0.519051
1954.000000 0.517578
1955.000000 0.515807
1956.000000 0.514697
1957.000000 0.512738
1958.000000 0.511983
1959.000000 0.509205
1960.000000 0.507177
1961.000000 0.503851
1962.000000 0.503107
1963.000000 0.498995
1964.000000 0.500948
1965.000000 0.497743
1966.000000 0.498136
1967.000000 0.496433
1968.000000 0.495979
1969.000000 0.492560
1970.000000 0.492209
1971.000000 0.492776
1972.000000 0.490585
1973.000000 0.490042
1974.000000 0.490551
1975.000000 0.487436
1976.000000 0.487173
1977.000000 0.486430
1978.000000 0.487263
1979.000000 0.485241
1980.000000 0.485327
1981.000000 0.486261
1982.000000 0.483946
1983.000000 0.484393
1984.000000 0.484118
1985.000000 0.485065
1986.000000 0.485089
1987.000000 0.483322
1988.000000 0.485615
1989.000000 0.484174
1990.000000 0.484418
1991.000000 0.484505
1992.000000 0.483575
1993.000000 0.485901
1994.000000 0.483711
1995.000000 0.482861
1996.000000 0.481506
1997.000000 0.483853
1998.000000 0.482198
1999.000000 0.481816
2000.000000 0.483506
2001.000000 0.479916
2002.000000 0.479790
2003.000000 0.481118
2004.000000 0.479386
2005.000000 0.478860
2006.000000 0.477444
2007.000000 0.478136
2008.000000 0.474603
2009.000000 0.475407
2010.000000 0.476613
2011.000000 0.475580
2012.000000 0.473717
2013.000000 0.472067
2014.000000 0.473587
2015.000000 0.473081
2016.000000 0.472594
2017.000000 0.471148
2018.000000 0.473120
2019.000000 0.469847
2020.000000 0.471386
2021.000000 0.469859
2022.000000 0.468743
2023.000000 0.468657
2024.000000 0.469707
2025.000000 0.467513
2026.000000 0.466879
2027.000000 0.464480
2028.000000 0.466350
2029.000000 0.465963
2030.000000 0.467399
2031.000000 0.466607
2032.000000 0.465863
2033.000000 0.464523
2034.000000 0.465475
2035.000000 0.465980
2036.000000 0.466050
2037.000000 0.464820
2038.000000 0.463299
2039.000000 0.465164
2040.000000 0.465047
2041.000000 0.464138
2042.000000 0.464010
2043.000000 0.464563
2044.000000 0.465667
2045.000000 0.465301
2046.000000 0.465047
2047.000000 0.465257
2048.000000 0.462269
2049.000000 0.465185
2050.000000 0.464519
2051.000000 0.466233
2052.000000 0.468150
2053.000000 0.468407
2054.000000 0.469220
2055.000000 0.470217
2056.000000 0.470599
2057.000000 0.471498
2058.000000 0.473699
2059.000000 0.475915
2060.000000 0.473522
2061.000000 0.476877
2062.000000 0.477117
2063.000000 0.477994
2064.000000 0.477494
2065.000000 0.478965
2066.000000 0.478492
2067.000000 0.480594
2068.000000 0.478593
2069.000000 0.480114
2070.000000 0.480641
2071.000000 0.478775
2072.000000 0.478075
2073.000000 0.478288
2074.000000 0.474881
2075.000000 0.477454
2076.000000 0.477862
2077.000000 0.475846
2078.000000 0.477226
2079.000000 0.473494
2080.000000 0.474959
2081.000000 0.473872
2082.000000 0.472849
2083.000000 0.471957
2084.000000 0.470869
2085.000000 0.471182
2086.000000 0.469565
2087.000000 0.469284
2088.000000 0.468701
2089.000000 0.466479
2090.000000 0.467126
2091.000000 0.465204
2092.000000 0.465065
2093.000000 0.463961
2094.000000 0.462789
2095.000000 0.463561
2096.000000 0.459765
2097.000000 0.459798
2098.000000 0.458802
2099.000000 0.460220
2100.000000 0.458968
2101.000000 0.455696
2102.000000 0.456450
2103.000000 0.453986
2104.000000 0.454852
2105.000000 0.454190
2106.000000 0.451604
2107.000000 0.453610
2108.000000 0.451538
2109.000000 0.450792
2110.000000 0.449580
2111.000000 0.448506
2112.000000 0.448705
2113.000000 0.447244
2114.000000 0.444344
2115.000000 0.443718
2116.000000 0.444317
2117.000000 0.441796
2118.000000 0.441553
2119.000000 0.438676
2120.000000 0.441460
2121.000000 0.437574
2122.000000 0.436108
2123.000000 0.436154
2124.000000 0.436484
2125.000000 0.435536
2126.000000 0.435026
2127.000000 0.433623
2128.000000 0.432937
2129.000000 0.433603
2130.000000 0.432118
2131.000000 0.431187
2132.000000 0.430913
2133.000000 0.432051
2134.000000 0.432244
2135.000000 0.428974
2136.000000 0.430724
2137.000000 0.429790
2138.000000 0.429044
2139.000000 0.430908
2140.000000 0.429673
2141.000000 0.429885
2142.000000 0.428811
2143.000000 0.428397
2144.000000 0.429116
2145.000000 0.425135
2146.000000 0.424142
2147.000000 0.426091
2148.000000 0.424894
2149.000000 0.424588
2150.000000 0.421048
2151.000000 0.420721
2152.000000 0.418837
2153.000000 0.419208
2154.000000 0.419027
2155.000000 0.416944
2156.000000 0.416728
2157.000000 0.416197
2158.000000 0.415684
2159.000000 0.417285
2160.000000 0.416588
2161.000000 0.418462
2162.000000 0.416874
2163.000000 0.417014
2164.000000 0.417168
2165.000000 0.417283
2166.000000 0.416911
2167.000000 0.417527
2168.000000 0.417440
2169.000000 0.416896
2170.000000 0.415255
2171.000000 0.415507
2172.000000 0.414985
2173.000000 0.414493
2174.000000 0.417223
2175.000000 0.415809
2176.000000 0.414314
2177.000000 0.415281
2178.000000 0.413674
2179.000000 0.412595
2180.000000 0.412506
2181.000000 0.410505
2182.000000 0.412861
2183.000000 0.410630
2184.000000 0.411963
2185.000000 0.408902
2186.000000 0.408829
2187.000000 0.408270
2188.000000 0.408111
2189.000000 0.408286
2190.000000 0.406336
2191.000000 0.405910
2192.000000 0.404618
2193.000000 0.404138
2194.000000 0.403292
2195.000000 0.404183
2196.000000 0.400798
2197.000000 0.401807
2198.000000 0.400977
2199.000000 0.399926
2200.000000 0.400155
2201.000000 0.401965
2202.000000 0.399370
2203.000000 0.400526
2204.000000 0.400634
2205.000000 0.400121
2206.000000 0.399557
2207.000000 0.398624
2208.000000 0.400688
2209.000000 0.401590
2210.000000 0.402386
2211.000000 0.400625
2212.000000 0.401107
2213.000000 0.399016
2214.000000 0.402961
2215.000000 0.399965
2216.000000 0.400085
2217.000000 0.401517
2218.000000 0.401446
2219.000000 0.401648
2220.000000 0.402193
2221.000000 0.402649
2222.000000 0.401140
2223.000000 0.402010
2224.000000 0.402300
2225.000000 0.401750
2226.000000 0.398578
2227.000000 0.397299
2228.000000 0.398971
2229.000000 0.398021
2230.000000 0.396082
2231.000000 0.398292
2232.000000 0.397807
2233.000000 0.395907
2234.000000 0.395004
2235.000000 0.395454
2236.000000 0.393078
2237.000000 0.392950
2238.000000 0.393715
2239.000000 0.393171
2240.000000 0.394286
2241.000000 0.393666
2242.000000 0.392376
2243.000000 0.391642
2244.000000 0.390910
2245.000000 0.391117
2246.000000 0.391787
2247.000000 0.393663
2248.000000 0.394702
2249.000000 0.392901
2250.000000 0.393209
2251.000000 0.393881
2252.000000 0.395888
2253.000000 0.392655
2254.000000 0.396004
2255.000000 0.395424
2256.000000 0.393911
2257.000000 0.393947
2258.000000 0.396469
2259.000000 0.394547
2260.000000 0.395224
2261.000000 0.396648
2262.000000 0.398629
2263.000000 0.397980
2264.000000 0.398463
2265.000000 0.396078
2266.000000 0.397055
2267.000000 0.399013
2268.000000 0.399686
2269.000000 0.399234
2270.000000 0.398761
2271.000000 0.397624
2272.000000 0.399107
2273.000000 0.400708
2274.000000 0.398430
2275.000000 0.400737
2276.000000 0.406217
2277.000000 0.403473
2278.000000 0.403274
2279.000000 0.405432
2280.000000 0.404244
2281.000000 0.405395
2282.000000 0.406132
2283.000000 0.406086
2284.000000 0.405543
2285.000000 0.405744
2286.000000 0.405251
2287.000000 0.407610
2288.000000 0.408770
2289.000000 0.407342
2290.000000 0.409444
2291.000000 0.409566
2292.000000 0.408607
2293.000000 0.409811
2294.000000 0.409527
2295.000000 0.409665
2296.000000 0.411329
2297.000000 0.412124
2298.000000 0.412615
2299.000000 0.413286
2300.000000 0.415269
2301.000000 0.413777
2302.000000 0.415976
2303.000000 0.415300
2304.000000 0.412722
2305.000000 0.415232
2306.000000 0.416024
2307.000000 0.414895
2308.000000 0.416089
2309.000000 0.417601
2310.000000 0.413462
2311.000000 0.416284
2312.000000 0.414104
2313.000000 0.414605
2314.000000 0.416226
2315.000000 0.415763
2316.000000 0.418998
2317.000000 0.418084
2318.000000 0.418897
2319.000000 0.422823
2320.000000 0.419968
2321.000000 0.420373
2322.000000 0.422278
2323.000000 0.422295
2324.000000 0.423074
2325.000000 0.423429
2326.000000 0.424273
2327.000000 0.424362
2328.000000 0.423093
2329.000000 0.422841
2330.000000 0.423710
2331.000000 0.422570
2332.000000 0.419904
2333.000000 0.420724
2334.000000 0.419177
2335.000000 0.416501
2336.000000 0.415898
2337.000000 0.415128
2338.000000 0.415586
2339.000000 0.414820
2340.000000 0.412261
2341.000000 0.411606
2342.000000 0.409779
2343.000000 0.410714
2344.000000 0.409670
2345.000000 0.407480
2346.000000 0.409632
2347.000000 0.409532
2348.000000 0.407112
2349.000000 0.406726
2350.000000 0.405154
2351.000000 0.406141
2352.000000 0.404292
2353.000000 0.404145
2354.000000 0.405444
2355.000000 0.404601
2356.000000 0.404589
2357.000000 0.404189
2358.000000 0.404103
2359.000000 0.402846
2360.000000 0.401135
2361.000000 0.400987
2362.000000 0.400695
2363.000000 0.400653
2364.000000 0.400233
2365.000000 0.402043
2366.000000 0.398157
2367.000000 0.401366
2368.000000 0.398042
2369.000000 0.398423
2370.000000 0.399344
2371.000000 0.399202
2372.000000 0.396821
2373.000000 0.395969
2374.000000 0.394729
2375.000000 0.393678
2376.000000 0.396378
2377.000000 0.399807
2378.000000 0.396916
2379.000000 0.397187
2380.000000 0.397580
2381.000000 0.396410
2382.000000 0.396477
2383.000000 0.394161
2384.000000 0.395953
2385.000000 0.395719
2386.000000 0.396592
2387.000000 0.396747
2388.000000 0.397981
2389.000000 0.397839
2390.000000 0.396897
2391.000000 0.397788
2392.000000 0.396895
2393.000000 0.396962
2394.000000 0.396638
2395.000000 0.397976
2396.000000 0.397694
2397.000000 0.395591
2398.000000 0.397012
2399.000000 0.401712
2400.000000 0.397568
2401.000000 0.399768
2402.000000 0.396237
2403.000000 0.396269
2404.000000 0.397381
2405.000000 0.397666
2406.000000 0.397852
2407.000000 0.400144
2408.000000 0.400993
2409.000000 0.400267
2410.000000 0.402746
2411.000000 0.402706
2412.000000 0.398426
2413.000000 0.403372
2414.000000 0.403392
2415.000000 0.405021
2416.000000 0.406019
2417.000000 0.408958
2418.000000 0.407903
2419.000000 0.410069
2420.000000 0.415755
2421.000000 0.410880
2422.000000 0.414280
2423.000000 0.408851
2424.000000 0.410384
2425.000000 0.408537
2426.000000 0.408570
2427.000000 0.408192
2428.000000 0.409181
2429.000000 0.406555
2430.000000 0.406916
2431.000000 0.407188
2432.000000 0.403144
2433.000000 0.403491
2434.000000 0.404877
2435.000000 0.405610
2436.000000 0.402384
2437.000000 0.403034
2438.000000 0.400590
2439.000000 0.404450
2440.000000 0.403462
2441.000000 0.401165
2442.000000 0.397700
2443.000000 0.400945
2444.000000 0.399207
2445.000000 0.399207
2446.000000 0.396071
2447.000000 0.396628
2448.000000 0.394078
2449.000000 0.397256
2450.000000 0.396997
2451.000000 0.397416
2452.000000 0.395641
2453.000000 0.393561
2454.000000 0.395572
2455.000000 0.394953
2456.000000 0.395666
2457.000000 0.393650
2458.000000 0.392675
2459.000000 0.393277
2460.000000 0.395783
2461.000000 0.395337
2462.000000 0.395945
2463.000000 0.395803
2464.000000 0.396774
2465.000000 0.396059
2466.000000 0.397475
2467.000000 0.396069
2468.000000 0.395659
2469.000000 0.397014
2470.000000 0.398197
2471.000000 0.395935
2472.000000 0.395435
2473.000000 0.394964
2474.000000 0.393872
2475.000000 0.394161
2476.000000 0.394941
2477.000000 0.394281
2478.000000 0.394656
2479.000000 0.391624
2480.000000 0.395100
2481.000000 0.394402
2482.000000 0.396384
2483.000000 0.391728
2484.000000 0.392336
2485.000000 0.392412
2486.000000 0.392262
2487.000000 0.391522
2488.000000 0.391367
2489.000000 0.393281
2490.000000 0.392652
2491.000000 0.392907
2492.000000 0.391622
2493.000000 0.393195
2494.000000 0.393411
2495.000000 0.388241
2496.000000 0.389036
2497.000000 0.389204
2498.000000 0.388376
2499.000000 0.388864
2500.000000 0.388738
2501.000000 0.388725
2502.000000 0.387936
2503.000000 0.390178
2504.000000 0.389181
2505.000000 0.389708
2506.000000 0.387935
2507.000000 0.388245
2508.000000 0.388612
2509.000000 0.389233
2510.000000 0.388222
2511.000000 0.385889
2512.000000 0.384871
2513.000000 0.388019
2514.000000 0.383237
2515.000000 0.386949
2516.000000 0.384506
2517.000000 0.385559
2518.000000 0.383889
2519.000000 0.383948
2520.000000 0.382724
2521.000000 0.380482
2522.000000 0.381245
2523.000000 0.382109
2524.000000 0.383484
2525.000000 0.385057
2526.000000 0.379845
2527.000000 0.380993
2528.000000 0.379868
2529.000000 0.381431
2530.000000 0.380727
2531.000000 0.381730
2532.000000 0.378608
2533.000000 0.381784
2534.000000 0.379994
2535.000000 0.384172
2536.000000 0.381112
2537.000000 0.380049
2538.000000 0.378404
2539.000000 0.381246
2540.000000 0.380525
2541.000000 0.380472
2542.000000 0.376577
2543.000000 0.377081
2544.000000 0.376213
2545.000000 0.378966
2546.000000 0.375811
2547.000000 0.378136
2548.000000 0.378453
2549.000000 0.376149
2550.000000 0.373927
2551.000000 0.375111
2552.000000 0.374057
2553.000000 0.376446
2554.000000 0.370416
2555.000000 0.370653
2556.000000 0.371394
2557.000000 0.369160
2558.000000 0.369986
2559.000000 0.370989
2560.000000 0.370357
2561.000000 0.370752
2562.000000 0.374187
2563.000000 0.372143
2564.000000 0.368544
2565.000000 0.368530
2566.000000 0.369202
2567.000000 0.366922
2568.000000 0.368133
2569.000000 0.366518
2570.000000 0.364717
2571.000000 0.366967
2572.000000 0.366997
2573.000000 0.365633
2574.000000 0.366219
2575.000000 0.366200
2576.000000 0.363774
2577.000000 0.364484
2578.000000 0.363641
2579.000000 0.366744
2580.000000 0.362354
2581.000000 0.362890
2582.000000 0.362022
2583.000000 0.361390
2584.000000 0.360978
2585.000000 0.361819
2586.000000 0.360495
2587.000000 0.361236
2588.000000 0.359460
2589.000000 0.357878
2590.000000 0.361693
2591.000000 0.359367
2592.000000 0.359339
2593.000000 0.361348
2594.000000 0.358932
2595.000000 0.358394
2596.000000 0.357640
2597.000000 0.357383
2598.000000 0.359050
2599.000000 0.357642
2600.000000 0.356654
2601.000000 0.358219
2602.000000 0.354062
2603.000000 0.355106
2604.000000 0.357936
2605.000000 0.355034
2606.000000 0.355678
2607.000000 0.356298
2608.000000 0.357389
2609.000000 0.357026
2610.000000 0.358632
2611.000000 0.355950
2612.000000 0.357475
2613.000000 0.353778
2614.000000 0.355701
2615.000000 0.356758
2616.000000 0.356321
2617.000000 0.356508
2618.000000 0.357008
2619.000000 0.355656
2620.000000 0.358348
2621.000000 0.357048
2622.000000 0.356799
2623.000000 0.356925
2624.000000 0.355037
2625.000000 0.354721
2626.000000 0.352172
2627.000000 0.354681
2628.000000 0.355641
2629.000000 0.352213
2630.000000 0.352237
2631.000000 0.348780
2632.000000 0.347503
2633.000000 0.351119
2634.000000 0.349227
2635.000000 0.352524
2636.000000 0.348619
2637.000000 0.346557
2638.000000 0.344518
2639.000000 0.342720
2640.000000 0.344605
2641.000000 0.341224
2642.000000 0.342938
2643.000000 0.339701
2644.000000 0.338976
2645.000000 0.338151
2646.000000 0.337474
2647.000000 0.335680
2648.000000 0.335503
2649.000000 0.337045
2650.000000 0.334453
2651.000000 0.334175
2652.000000 0.336502
2653.000000 0.335618
2654.000000 0.335291
2655.000000 0.335934
2656.000000 0.333220
2657.000000 0.333360
2658.000000 0.334826
2659.000000 0.334363
2660.000000 0.333317
2661.000000 0.334305
2662.000000 0.334677
2663.000000 0.333384
2664.000000 0.334982
2665.000000 0.336024
2666.000000 0.335298
2667.000000 0.338033
2668.000000 0.334235
2669.000000 0.337695
2670.000000 0.336791
2671.000000 0.337282
2672.000000 0.338530
2673.000000 0.334998
2674.000000 0.336304
2675.000000 0.336579
2676.000000 0.339155
2677.000000 0.337946
2678.000000 0.335538
2679.000000 0.335853
2680.000000 0.333742
2681.000000 0.336175
2682.000000 0.334749
2683.000000 0.337026
2684.000000 0.334757
2685.000000 0.336421
2686.000000 0.337390
2687.000000 0.336892
2688.000000 0.337501
2689.000000 0.335686
2690.000000 0.333897
2691.000000 0.333006
2692.000000 0.334106
2693.000000 0.336457
2694.000000 0.335604
2695.000000 0.334158
2696.000000 0.336147
2697.000000 0.338050
2698.000000 0.336197
2699.000000 0.337936
2700.000000 0.337694
2701.000000 0.341111
2702.000000 0.342220
2703.000000 0.341186
2704.000000 0.336565
2705.000000 0.342825
2706.000000 0.341223
2707.000000 0.341593
2708.000000 0.343021
2709.000000 0.340019
2710.000000 0.341688
2711.000000 0.343813
2712.000000 0.346478
2713.000000 0.343951
2714.000000 0.345128
2715.000000 0.347536
2716.000000 0.345846
2717.000000 0.348713
2718.000000 0.346852
2719.000000 0.346863
2720.000000 0.350482
2721.000000 0.350356
2722.000000 0.354369
2723.000000 0.352726
2724.000000 0.353572
2725.000000 0.357087
2726.000000 0.353007
2727.000000 0.353590
2728.000000 0.354027
2729.000000 0.352672
2730.000000 0.352782
2731.000000 0.357648
2732.000000 0.359653
2733.000000 0.358032
2734.000000 0.359250
2735.000000 0.356944
2736.000000 0.364684
2737.000000 0.361582
2738.000000 0.361667
2739.000000 0.361707
2740.000000 0.357865
2741.000000 0.362077
2742.000000 0.362284
2743.000000 0.361934
2744.000000 0.363856
2745.000000 0.364245
2746.000000 0.364324
2747.000000 0.364696
2748.000000 0.365211
2749.000000 0.366987
2750.000000 0.367600
2751.000000 0.368335
2752.000000 0.367800
2753.000000 0.369221
2754.000000 0.369413
2755.000000 0.369836
2756.000000 0.375345
2757.000000 0.371331
2758.000000 0.373164
2759.000000 0.370205
2760.000000 0.371460
2761.000000 0.370856
2762.000000 0.373808
2763.000000 0.374911
2764.000000 0.374531
2765.000000 0.378485
2766.000000 0.376950
2767.000000 0.376893
2768.000000 0.380291
2769.000000 0.378860
2770.000000 0.386992
2771.000000 0.382338
2772.000000 0.389354
2773.000000 0.389672
2774.000000 0.395330
2775.000000 0.394011
2776.000000 0.400862
2777.000000 0.403007
2778.000000 0.404844
2779.000000 0.411140
2780.000000 0.413342
2781.000000 0.417794
2782.000000 0.422362
2783.000000 0.425273
2784.000000 0.433968
2785.000000 0.438829
2786.000000 0.444879
2787.000000 0.449616
2788.000000 0.458137
2789.000000 0.460696
2790.000000 0.471420
2791.000000 0.476836
2792.000000 0.489574
2793.000000 0.496142
2794.000000 0.498307
2795.000000 0.502602
2796.000000 0.505500
2797.000000 0.515557
2798.000000 0.517238
2799.000000 0.521159
2800.000000 0.518013
2801.000000 0.514962
2802.000000 0.515547
2803.000000 0.510643
2804.000000 0.509477
2805.000000 0.506787
2806.000000 0.501159
2807.000000 0.493909
2808.000000 0.488275
2809.000000 0.476944
2810.000000 0.475648
2811.000000 0.469204
2812.000000 0.461190
2813.000000 0.454173
2814.000000 0.444186
2815.000000 0.443058
2816.000000 0.435245
2817.000000 0.430851
2818.000000 0.424061
2819.000000 0.418979
2820.000000 0.410846
2821.000000 0.408419
2822.000000 0.404786
2823.000000 0.402732
2824.000000 0.397485
2825.000000 0.394693
2826.000000 0.392583
2827.000000 0.387930
2828.000000 0.389253
2829.000000 0.380303
2830.000000 0.385440
2831.000000 0.377920
2832.000000 0.378449
2833.000000 0.371415
2834.000000 0.371467
2835.000000 0.372719
2836.000000 0.370097
2837.000000 0.367067
2838.000000 0.365885
2839.000000 0.367062
2840.000000 0.364309
2841.000000 0.363416
2842.000000 0.361640
2843.000000 0.359637
2844.000000 0.357071
2845.000000 0.357242
2846.000000 0.352322
2847.000000 0.354644
2848.000000 0.354282
2849.000000 0.352404
2850.000000 0.349761
2851.000000 0.352073
2852.000000 0.349414
2853.000000 0.346949
2854.000000 0.348781
2855.000000 0.343910
2856.000000 0.345027
2857.000000 0.341947
2858.000000 0.339648
2859.000000 0.341822
2860.000000 0.338231
2861.000000 0.339109
2862.000000 0.336672
2863.000000 0.333458
2864.000000 0.334539
2865.000000 0.331382
2866.000000 0.333005
2867.000000 0.330300
2868.000000 0.332777
2869.000000 0.333635
2870.000000 0.335806
2871.000000 0.326746
2872.000000 0.328425
2873.000000 0.327541
2874.000000 0.335207
2875.000000 0.326425
2876.000000 0.333530
2877.000000 0.320239
2878.000000 0.323225
2879.000000 0.324946
2880.000000 0.327822
2881.000000 0.326519
2882.000000 0.326987
2883.000000 0.320119
2884.000000 0.327167
2885.000000 0.320326
2886.000000 0.323898
2887.000000 0.316993
2888.000000 0.319649
2889.000000 0.319290
2890.000000 0.319167
2891.000000 0.315166
2892.000000 0.317529
2893.000000 0.320205
2894.000000 0.317005
2895.000000 0.315227
2896.000000 0.310945
2897.000000 0.312695
2898.000000 0.314988
2899.000000 0.312693
2900.000000 0.314464
2901.000000 0.310157
2902.000000 0.308102
2903.000000 0.308056
2904.000000 0.310976
2905.000000 0.307737
2906.000000 0.311377
2907.000000 0.308771
2908.000000 0.312302
2909.000000 0.306911
2910.000000 0.312441
2911.000000 0.306900
2912.000000 0.308211
2913.000000 0.305626
2914.000000 0.307314
2915.000000 0.301378
2916.000000 0.310535
2917.000000 0.304002
2918.000000 0.312279
2919.000000 0.308522
2920.000000 0.310307
2921.000000 0.316272
2922.000000 0.312069
2923.000000 0.310227
2924.000000 0.311390
2925.000000 0.315311
2926.000000 0.311576
2927.000000 0.312409
2928.000000 0.317405
2929.000000 0.312506
2930.000000 0.318220
2931.000000 0.313892
2932.000000 0.315461
2933.000000 0.312765
2934.000000 0.313202
2935.000000 0.319278
2936.000000 0.312806
2937.000000 0.317640
2938.000000 0.314483
2939.000000 0.318207
2940.000000 0.313339
2941.000000 0.316664
2942.000000 0.311003
2943.000000 0.319058
2944.000000 0.312909
2945.000000 0.313860
2946.000000 0.311332
2947.000000 0.317949
2948.000000 0.314334
2949.000000 0.317574
2950.000000 0.311312
2951.000000 0.317026
2952.000000 0.317468
2953.000000 0.314333
2954.000000 0.313779
2955.000000 0.307941
2956.000000 0.309535
2957.000000 0.308140
2958.000000 0.311499
2959.000000 0.308049
2960.000000 0.313137
2961.000000 0.306905
2962.000000 0.308665
2963.000000 0.306079
2964.000000 0.312733
2965.000000 0.312403
2966.000000 0.311786
2967.000000 0.308190
2968.000000 0.305635
2969.000000 0.303729
2970.000000 0.307340
2971.000000 0.308540
2972.000000 0.305112
2973.000000 0.307216
2974.000000 0.300283
2975.000000 0.306804
2976.000000 0.305707
2977.000000 0.303906
2978.000000 0.301564
2979.000000 0.307757
2980.000000 0.304572
2981.000000 0.304495
2982.000000 0.308866
2983.000000 0.306186
2984.000000 0.304213
2985.000000 0.299881
2986.000000 0.301101
2987.000000 0.296034
2988.000000 0.300127
2989.000000 0.293967
2990.000000 0.298547
2991.000000 0.301257
2992.000000 0.295511
2993.000000 0.293272
2994.000000 0.292169
2995.000000 0.293021
2996.000000 0.287936
2997.000000 0.294795
2998.000000 0.288512
2999.000000 0.294299
3000.000000 0.291517
3001.000000 0.284833
3002.000000 0.286032
3003.000000 0.290470
3004.000000 0.288372
3005.000000 0.286640
3006.000000 0.289416
3007.000000 0.285006
3008.000000 0.286223
3009.000000 0.280697
3010.000000 0.274379
3011.000000 0.282332
3012.000000 0.285051
3013.000000 0.280509
3014.000000 0.278331
3015.000000 0.279385
3016.000000 0.272194
3017.000000 0.274423
3018.000000 0.278016
3019.000000 0.279365
3020.000000 0.275972
3021.000000 0.273263
3022.000000 0.267166
3023.000000 0.266219
3024.000000 0.277018
3025.000000 0.278190
3026.000000 0.272395
3027.000000 0.273055
3028.000000 0.269832
3029.000000 0.271685
3030.000000 0.260410
3031.000000 0.271539
3032.000000 0.268046
3033.000000 0.271332
3034.000000 0.264242
3035.000000 0.266193
3036.000000 0.268671
3037.000000 0.268503
3038.000000 0.269693
3039.000000 0.267630
3040.000000 0.273929
3041.000000 0.274509
3042.000000 0.271139
3043.000000 0.271105
3044.000000 0.264884
3045.000000 0.276181
3046.000000 0.267832
3047.000000 0.273269
3048.000000 0.271235
3049.000000 0.262374
3050.000000 0.273493
3051.000000 0.259932
3052.000000 0.271842
3053.000000 0.271177
3054.000000 0.269728
3055.000000 0.267942
3056.000000 0.268529
3057.000000 0.267659
3058.000000 0.268691
3059.000000 0.273344
3060.000000 0.270189
3061.000000 0.265924
3062.000000 0.265398
3063.000000 0.265519
3064.000000 0.271856
3065.000000 0.271826
3066.000000 0.267119
3067.000000 0.277313
3068.000000 0.264844
3069.000000 0.274069
3070.000000 0.267696
3071.000000 0.267818
3072.000000 0.270538
3073.000000 0.276015
3074.000000 0.268140
3075.000000 0.275795
3076.000000 0.268864
3077.000000 0.262840
3078.000000 0.265079
3079.000000 0.265726
3080.000000 0.264155
3081.000000 0.277865
3082.000000 0.266477
3083.000000 0.266538
3084.000000 0.267737
3085.000000 0.264474
3086.000000 0.272327
3087.000000 0.262250
3088.000000 0.264691
3089.000000 0.267041
3090.000000 0.264374
3091.000000 0.264635
3092.000000 0.256401
3093.000000 0.269183
3094.000000 0.269295
3095.000000 0.264942
3096.000000 0.280346
3097.000000 0.268627
3098.000000 0.276557
3099.000000 0.276196
3100.000000 0.272500
3101.000000 0.263837
3102.000000 0.258971
3103.000000 0.272678
3104.000000 0.267411
3105.000000 0.268111
3106.000000 0.270142
3107.000000 0.265735
3108.000000 0.266153
3109.000000 0.277119
3110.000000 0.277452
3111.000000 0.277337
3112.000000 0.262279
3113.000000 0.264308
3114.000000 0.268769
3115.000000 0.271893
3116.000000 0.278381
3117.000000 0.267610
3118.000000 0.272119
3119.000000 0.267512
3120.000000 0.270670
3121.000000 0.281737
3122.000000 0.275368
3123.000000 0.276197
3124.000000 0.275444
3125.000000 0.266038
3126.000000 0.280798
3127.000000 0.276963
3128.000000 0.280212
3129.000000 0.291967
3130.000000 0.272228
3131.000000 0.288973
3132.000000 0.267490
3133.000000 0.271350
3134.000000 0.278244
3135.000000 0.276067
3136.000000 0.273380
3137.000000 0.268053
3138.000000 0.279988
3139.000000 0.263692
3140.000000 0.279593
3141.000000 0.278777
3142.000000 0.279767
3143.000000 0.267707
3144.000000 0.275168
3145.000000 0.278139
3146.000000 0.273767
3147.000000 0.290477
3148.000000 0.267991
3149.000000 0.265577
3150.000000 0.267576
3151.000000 0.263673
3152.000000 0.270333
3153.000000 0.260670
3154.000000 0.273908
3155.000000 0.280336
3156.000000 0.263513
3157.000000 0.275173
3158.000000 0.273046
3159.000000 0.262928
3160.000000 0.271034
3161.000000 0.275903
3162.000000 0.285433
3163.000000 0.264891
3164.000000 0.258051
3165.000000 0.269555
3166.000000 0.286609
3167.000000 0.264634
3168.000000 0.292035
3169.000000 0.289986
3170.000000 0.261591
3171.000000 0.292085
3172.000000 0.263494
3173.000000 0.279308
3174.000000 0.270640
3175.000000 0.289700
3176.000000 0.283713
3177.000000 0.258616
3178.000000 0.269504
3179.000000 0.288441
3180.000000 0.265962
3181.000000 0.271489
3182.000000 0.274059
3183.000000 0.284175
3184.000000 0.286038
3185.000000 0.280355
3186.000000 0.272987
3187.000000 0.277134
3188.000000 0.291049
3189.000000 0.299895
3190.000000 0.303927
3191.000000 0.270438
3192.000000 0.273582
3193.000000 0.256929
3194.000000 0.272012
3195.000000 0.294704
3196.000000 0.288094
3197.000000 0.291755
3198.000000 0.288935
3199.000000 0.253026
3200.000000 0.270383
3201.000000 0.303907
3202.000000 0.283284
3203.000000 0.288387
3204.000000 0.286746
3205.000000 0.245883
3206.000000 0.275305
3207.000000 0.274078
3208.000000 0.268005
3209.000000 0.282313
3210.000000 0.286778
3211.000000 0.254136
3212.000000 0.265719
3213.000000 0.312406
3214.000000 0.284663
3215.000000 0.263989
3216.000000 0.286323
3217.000000 0.286726
3218.000000 0.292686
3219.000000 0.290206
3220.000000 0.260991
3221.000000 0.299023
3222.000000 0.246240
3223.000000 0.271231
3224.000000 0.267266
3225.000000 0.284537
3226.000000 0.296564
3227.000000 0.293989
3228.000000 0.275220
3229.000000 0.259701
3230.000000 0.267324
3231.000000 0.256463
3232.000000 0.278460
3233.000000 0.258791
3234.000000 0.253795
3235.000000 0.266538
3236.000000 0.289389
3237.000000 0.256414
3238.000000 0.251029
3239.000000 0.279481
3240.000000 0.281656
3241.000000 0.283725
3242.000000 0.274221
3243.000000 0.288891
3244.000000 0.287791
3245.000000 0.238797
3246.000000 0.293873
3247.000000 0.300114
3248.000000 0.268519
3249.000000 0.247600
3250.000000 0.259899
3251.000000 0.265670
3252.000000 0.261660
3253.000000 0.271725
3254.000000 0.286831
3255.000000 0.329992
3256.000000 0.272056
3257.000000 0.299245
3258.000000 0.256192
3259.000000 0.275335
3260.000000 0.274496
3261.000000 0.281592
3262.000000 0.259136
3263.000000 0.202261
3264.000000 0.205586
3265.000000 0.281171
3266.000000 0.265874
3267.000000 0.274724
3268.000000 0.257668
3269.000000 0.329470
3270.000000 0.314928
3271.000000 0.208278
3272.000000 0.186413
3273.000000 0.303218
3274.000000 0.414129
3275.000000 0.362731
3276.000000 0.270724
3277.000000 0.196884
3278.000000 0.409245
3279.000000 0.366540
3280.000000 0.316153
3281.000000 0.200412
3282.000000 -0.053766
3283.000000 0.329981
3284.000000 0.558432
3285.000000 0.201969
3286.000000 0.257222
3287.000000 0.426694
3288.000000 0.570399
3289.000000 0.177740
3290.000000 1.065294
3291.000000 1.259596
3292.000000 2.293044
3293.000000 2.797835
3294.000000 1.886180
3295.000000 -3.326551
3296.000000 17.211221
3297.000000 2.766481
3298.000000 -0.367341
3299.000000 -9.815893
3300.000000 nan
3301.000000 nan
3302.000000 nan
3303.000000 nan
3304.000000 nan
3305.000000 nan
3306.000000 nan
3307.000000 nan
3308.000000 nan
3309.000000 nan
3310.000000 nan
3311.000000 nan
3312.000000 nan
3313.000000 nan
3314.000000 nan
3315.000000 nan
3316.000000 nan
3317.000000 nan
3318.000000 nan
3319.000000 nan
3320.000000 nan
3321.000000 nan
3322.000000 nan
3323.000000 nan
3324.000000 nan
3325.000000 nan
3326.000000 nan
3327.000000 nan
3328.000000 nan
3329.000000 nan
3330.000000 nan
3331.000000 nan
3332.000000 nan
3333.000000 nan
3334.000000 nan
3335.000000 nan
3336.000000 nan
3337.000000 nan
3338.000000 nan
3339.000000 nan
3340.000000 nan
3341.000000 nan
3342.000000 nan
3343.000000 nan
3344.000000 nan
3345.000000 nan
3346.000000 nan
3347.000000 nan
3348.000000 nan
3349.000000 nan
3350.000000 nan
3351.000000 nan
3352.000000 nan
3353.000000 nan
3354.000000 nan
3355.000000 nan
3356.000000 nan
3357.000000 nan
3358.000000 nan
3359.000000 nan
3360.000000 nan
3361.000000 nan
3362.000000 nan
3363.000000 nan
3364.000000 nan
3365.000000 nan
3366.000000 nan
3367.000000 nan
3368.000000 nan
3369.000000 nan
3370.000000 nan
3371.000000 nan
3372.000000 nan
3373.000000 nan
3374.000000 nan
3375.000000 nan
3376.000000 nan
3377.000000 nan
3378.000000 nan
3379.000000 nan
3380.000000 nan
3381.000000 nan
3382.000000 nan
3383.000000 nan
3384.000000 nan
3385.000000 nan
3386.000000 nan
3387.000000 nan
3388.000000 nan
3389.000000 nan
3390.000000 nan
3391.000000 nan
3392.000000 nan
3393.000000 nan
3394.000000 nan
3395.000000 nan
3396.000000 nan
3397.000000 nan
3398.000000 nan
3399.000000 nan
3400.000000 nan
3401.000000 nan
3402.000000 nan
3403.000000 nan
3404.000000 nan
3405.000000 nan
3406.000000 nan
3407.000000 nan
3408.000000 nan
3409.000000 nan
3410.000000 nan
3411.000000 nan
3412.000000 nan
3413.000000 nan
3414.000000 nan
3415.000000 nan
3416.000000 nan
3417.000000 nan
3418.000000 nan
3419.000000 nan
3420.000000 nan
3421.000000 nan
3422.000000 nan
3423.000000 nan
3424.000000 nan
3425.000000 nan
3426.000000 nan
3427.000000 nan
3428.000000 nan
3429.000000 nan
3430.000000 nan
3431.000000 nan
3432.000000 nan
3433.000000 nan
3434.000000 nan
3435.000000 nan
3436.000000 nan
3437.000000 nan
3438.000000 nan
3439.000000 nan
3440.000000 nan
3441.000000 nan
3442.000000 nan
3443.000000 nan
3444.000000 nan
3445.000000 nan
3446.000000 nan
3447.000000 nan
3448.000000 nan
3449.000000 nan
3450.000000 nan
3451.000000 nan
3452.000000 nan
3453.000000 nan
3454.000000 nan
3455.000000 nan
3456.000000 nan
3457.000000 nan
3458.000000 nan
3459.000000 nan
3460.000000 nan
3461.000000 nan
3462.000000 nan
3463.000000 nan
3464.000000 nan
3465.000000 nan
3466.000000 nan
3467.000000 nan
3468.000000 nan
3469.000000 nan
3470.000000 nan
3471.000000 nan
3472.000000 nan
3473.000000 nan
3474.000000 nan
3475.000000 nan
3476.000000 nan
3477.000000 nan
3478.000000 nan
3479.000000 nan
3480.000000 nan
3481.000000 nan
3482.000000 nan
3483.000000 nan
3484.000000 nan
3485.000000 nan
3486.000000 nan
3487.000000 nan
3488.000000 nan
3489.000000 nan
3490.000000 nan
3491.000000 nan
3492.000000 nan
3493.000000 nan
3494.000000 nan
3495.000000 nan
3496.000000 nan
3497.000000 nan
3498.000000 nan
3499.000000 nan
3500.000000 nan
3501.000000 nan
3502.000000 nan
3503.000000 nan
3504.000000 nan
3505.000000 nan
3506.000000 nan
3507.000000 nan
3508.000000 nan
3509.000000 nan
3510.000000 nan
3511.000000 nan
3512.000000 nan
3513.000000 nan
3514.000000 nan
3515.000000 nan
3516.000000 nan
3517.000000 nan
3518.000000 nan
3519.000000 nan
3520.000000 nan
3521.000000 nan
3522.000000 nan
3523.000000 nan
3524.000000 nan
3525.000000 nan
3526.000000 nan
3527.000000 nan
3528.000000 nan
3529.000000 nan
3530.000000 nan
3531.000000 nan
3532.000000 nan
3533.000000 nan
3534.000000 nan
3535.000000 nan
3536.000000 nan
3537.000000 nan
3538.000000 nan
3539.000000 nan
3540.000000 nan
3541.000000 nan
3542.000000 nan
3543.000000 nan
3544.000000 nan
3545.000000 nan
3546.000000 nan
3547.000000 nan
3548.000000 nan
3549.000000 nan
3550.000000 nan
3551.000000 nan
3552.000000 nan
3553.000000 nan
3554.000000 nan
3555.000000 nan
3556.000000 nan
3557.000000 nan
3558.000000 nan
3559.000000 nan
3560.000000 nan
3561.000000 nan
3562.000000 nan
3563.000000 nan
3564.000000 nan
3565.000000 nan
3566.000000 nan
3567.000000 nan
3568.000000 nan
3569.000000 nan
3570.000000 nan
3571.000000 nan
3572.000000 nan
3573.000000 nan
3574.000000 nan
3575.000000 nan
3576.000000 nan
3577.000000 nan
3578.000000 nan
3579.000000 nan
3580.000000 nan
3581.000000 nan
3582.000000 nan
3583.000000 nan
3584.000000 nan
3585.000000 nan
3586.000000 nan
3587.000000 nan
3588.000000 nan
3589.000000 nan
3590.000000 nan
3591.000000 nan
3592.000000 nan
3593.000000 nan
3594.000000 nan
3595.000000 nan
3596.000000 nan
3597.000000 nan
3598.000000 nan
3599.000000 nan
3600.000000 nan
