600.000000 0.160474
601.000000 0.363585
602.000000 0.403956
603.000000 0.047653
604.000000 0.035324
605.000000 0.280640
606.000000 -0.422989
607.000000 0.389478
608.000000 0.232946
609.000000 0.076320
610.000000 -0.273248
611.000000 -0.131506
612.000000 0.054955
613.000000 0.274549
614.000000 0.092361
615.000000 -0.105095
616.000000 -0.182767
617.000000 -0.116445
618.000000 -0.038846
619.000000 -0.019929
620.000000 -0.017589
621.000000 -0.083295
622.000000 -0.061921
623.000000 0.106757
624.000000 0.012831
625.000000 0.216669
626.000000 -0.135686
627.000000 -0.034232
628.000000 0.049420
629.000000 0.080083
630.000000 0.035079
631.000000 -0.153044
632.000000 -0.011606
633.000000 0.048283
634.000000 0.036229
635.000000 0.100387
636.000000 -0.061192
637.000000 0.092313
638.000000 -0.017960
639.000000 -0.002838
640.000000 -0.039441
641.000000 0.062368
642.000000 0.078044
643.000000 -0.045857
644.000000 -0.072373
645.000000 0.056255
646.000000 0.040186
647.000000 0.039544
648.000000 0.059321
649.000000 0.054976
650.000000 0.012025
651.000000 0.079029
652.000000 0.015163
653.000000 0.007855
654.000000 0.007214
655.000000 0.032613
656.000000 0.041949
657.000000 0.046160
658.000000 -0.006841
659.000000 -0.045556
660.000000 0.079454
661.000000 0.031100
662.000000 0.105927
663.000000 0.005319
664.000000 0.071309
665.000000 0.015598
666.000000 -0.028608
667.000000 0.057926
668.000000 0.031550
669.000000 -0.061215
670.000000 0.080663
671.000000 0.059093
672.000000 0.017991
673.000000 0.020645
674.000000 0.008313
675.000000 -0.014575
676.000000 -0.031648
677.000000 -0.066396
678.000000 0.129629
679.000000 -0.035837
680.000000 0.113526
681.000000 0.041449
682.000000 0.029885
683.000000 0.049532
684.000000 0.081903
685.000000 0.053845
686.000000 0.016283
687.000000 0.001474
688.000000 0.006366
689.000000 0.052202
690.000000 0.042410
691.000000 0.062983
692.000000 0.032552
693.000000 0.007149
694.000000 0.023298
695.000000 0.009401
696.000000 0.023110
697.000000 0.012936
698.000000 0.027929
699.000000 0.016516
700.000000 0.004106
701.000000 0.019112
702.000000 0.015273
703.000000 0.028016
704.000000 0.002926
705.000000 -0.008865
706.000000 -0.010931
707.000000 0.042801
708.000000 0.030609
709.000000 -0.009043
710.000000 -0.015013
711.000000 0.044855
712.000000 -0.007571
713.000000 0.002124
714.000000 -0.004509
715.000000 0.059293
716.000000 0.013511
717.000000 0.042441
718.000000 0.010589
719.000000 -0.000893
720.000000 0.033424
721.000000 0.009181
722.000000 0.029066
723.000000 0.037543
724.000000 0.002984
725.000000 -0.007500
726.000000 -0.003833
727.000000 0.008017
728.000000 0.032196
729.000000 -0.026675
730.000000 -0.026066
731.000000 0.021000
732.000000 -0.009410
733.000000 -0.001263
734.000000 0.014152
735.000000 0.038357
736.000000 0.000431
737.000000 0.018328
738.000000 0.021682
739.000000 0.020110
740.000000 0.024216
741.000000 0.001168
742.000000 0.005725
743.000000 0.000173
744.000000 0.012611
745.000000 0.027105
746.000000 0.009829
747.000000 0.008150
748.000000 0.010141
749.000000 0.010764
750.000000 0.026322
751.000000 -0.006050
752.000000 0.032542
753.000000 0.013238
754.000000 0.036675
755.000000 0.026605
756.000000 0.010407
757.000000 0.010120
758.000000 0.006328
759.000000 0.005850
760.000000 0.028806
761.000000 0.017830
762.000000 0.013773
763.000000 0.014674
764.000000 0.023262
765.000000 0.023482
766.000000 0.027195
767.000000 0.021317
768.000000 0.009608
769.000000 0.029338
770.000000 0.020215
771.000000 0.030572
772.000000 -0.002337
773.000000 0.025546
774.000000 0.023298
775.000000 0.022057
776.000000 0.038957
777.000000 0.016347
778.000000 0.028907
779.000000 0.030077
780.000000 0.021549
781.000000 0.033072
782.000000 0.017311
783.000000 0.032806
784.000000 0.024884
785.000000 0.010577
786.000000 0.036284
787.000000 0.025627
788.000000 0.028332
789.000000 0.011550
790.000000 0.031884
791.000000 0.029998
792.000000 0.040864
793.000000 0.020165
794.000000 0.032094
795.000000 0.040374
796.000000 0.027439
797.000000 0.037783
798.000000 0.012280
799.000000 0.036786
800.000000 0.028766
801.000000 0.023551
802.000000 0.041969
803.000000 0.024194
804.000000 0.031269
805.000000 0.030100
806.000000 0.029906
807.000000 0.024940
808.000000 0.021088
809.000000 0.026648
810.000000 0.035365
811.000000 0.037449
812.000000 0.020018
813.000000 0.030695
814.000000 0.021614
815.000000 0.036909
816.000000 0.046218
817.000000 0.019628
818.000000 0.033921
819.000000 0.035668
820.000000 0.027255
821.000000 0.017633
822.000000 0.032226
823.000000 0.028815
824.000000 0.042514
825.000000 0.043929
826.000000 0.039177
827.000000 0.034994
828.000000 0.037813
829.000000 0.032980
830.000000 0.029147
831.000000 0.032331
832.000000 0.027134
833.000000 0.043677
834.000000 0.046217
835.000000 0.044573
836.000000 0.048281
837.000000 0.037156
838.000000 0.054464
839.000000 0.054878
840.000000 0.040237
841.000000 0.053069
842.000000 0.046017
843.000000 0.059615
844.000000 0.057223
845.000000 0.060711
846.000000 0.059504
847.000000 0.064459
848.000000 0.066491
849.000000 0.068881
850.000000 0.070491
851.000000 0.078043
852.000000 0.078307
853.000000 0.081752
854.000000 0.088093
855.000000 0.099824
856.000000 0.091292
857.000000 0.115287
858.000000 0.109955
859.000000 0.119796
860.000000 0.133369
861.000000 0.128524
862.000000 0.150259
863.000000 0.154163
864.000000 0.150955
865.000000 0.177650
866.000000 0.156302
867.000000 0.144555
868.000000 0.168233
869.000000 0.190610
870.000000 0.183339
871.000000 0.165855
872.000000 0.183677
873.000000 0.190429
874.000000 0.206500
875.000000 0.222299
876.000000 0.221472
877.000000 0.231627
878.000000 0.231374
879.000000 0.239585
880.000000 0.240449
881.000000 0.251953
882.000000 0.266509
883.000000 0.261271
884.000000 0.281870
885.000000 0.292064
886.000000 0.298871
887.000000 0.301027
888.000000 0.318073
889.000000 0.316773
890.000000 0.330872
891.000000 0.338057
892.000000 0.378123
893.000000 0.380994
894.000000 0.355872
895.000000 0.371640
896.000000 0.399715
897.000000 0.414690
898.000000 0.401407
899.000000 0.433038
900.000000 0.421052
901.000000 0.446173
902.000000 0.460675
903.000000 0.469839
904.000000 0.492988
905.000000 0.456191
906.000000 0.488157
907.000000 0.515596
908.000000 0.522802
909.000000 0.507705
910.000000 0.572628
911.000000 0.575266
912.000000 0.575102
913.000000 0.599899
914.000000 0.604928
915.000000 0.622974
916.000000 0.592242
917.000000 0.634531
918.000000 0.692234
919.000000 0.682345
920.000000 0.677392
921.000000 0.721061
922.000000 0.711591
923.000000 0.721485
924.000000 0.735620
925.000000 0.757306
926.000000 0.771747
927.000000 0.773744
928.000000 0.754665
929.000000 0.821179
930.000000 0.811540
931.000000 0.807683
932.000000 0.829636
933.000000 0.840851
934.000000 0.835118
935.000000 0.839403
936.000000 0.860145
937.000000 0.866396
938.000000 0.851290
939.000000 0.854347
940.000000 0.880226
941.000000 0.907246
942.000000 0.885625
943.000000 0.889502
944.000000 0.892521
945.000000 0.912540
946.000000 0.894725
947.000000 0.911538
948.000000 0.919064
949.000000 0.890364
950.000000 0.874629
951.000000 0.885279
952.000000 0.906483
953.000000 0.896613
954.000000 0.873176
955.000000 0.882108
956.000000 0.878580
957.000000 0.892242
958.000000 0.875293
959.000000 0.845042
960.000000 0.862700
961.000000 0.865746
962.000000 0.863237
963.000000 0.881806
964.000000 0.891145
965.000000 0.901589
966.000000 0.899228
967.000000 0.937146
968.000000 0.927048
969.000000 0.954375
970.000000 0.967399
971.000000 1.018052
972.000000 1.014210
973.000000 1.021151
974.000000 1.070848
975.000000 1.104908
976.000000 1.127889
977.000000 1.134232
978.000000 1.084584
979.000000 1.090966
980.000000 1.104260
981.000000 1.112211
982.000000 1.102385
983.000000 1.113978
984.000000 1.127359
985.000000 1.137680
986.000000 1.149919
987.000000 1.182914
988.000000 1.176795
989.000000 1.176746
990.000000 1.158015
991.000000 1.129477
992.000000 1.142765
993.000000 1.141550
994.000000 1.116122
995.000000 1.090999
996.000000 1.059482
997.000000 1.067612
998.000000 1.069518
999.000000 1.066336
1000.000000 1.073473
1001.000000 1.063601
1002.000000 1.055338
1003.000000 1.026161
1004.000000 1.060126
1005.000000 1.085302
1006.000000 1.076882
1007.000000 1.088716
1008.000000 1.101486
1009.000000 1.089151
1010.000000 1.111041
1011.000000 1.111727
1012.000000 1.107893
1013.000000 1.125595
1014.000000 1.147708
1015.000000 1.157987
1016.000000 1.180923
1017.000000 1.173987
1018.000000 1.211052
1019.000000 1.226589
1020.000000 1.286244
1021.000000 1.296087
1022.000000 1.284703
1023.000000 1.346645
1024.000000 1.437244
1025.000000 1.471280
1026.000000 1.537641
1027.000000 1.574821
1028.000000 1.619319
1029.000000 1.670976
1030.000000 1.724096
1031.000000 1.748908
1032.000000 1.757954
1033.000000 1.732687
1034.000000 1.733937
1035.000000 1.751551
1036.000000 1.759473
1037.000000 1.735215
1038.000000 1.639616
1039.000000 1.552939
1040.000000 1.497235
1041.000000 1.456509
1042.000000 1.399683
1043.000000 1.371449
1044.000000 1.355850
1045.000000 1.323140
1046.000000 1.297746
1047.000000 1.280728
1048.000000 1.266625
1049.000000 1.266316
1050.000000 1.233414
1051.000000 1.247717
1052.000000 1.242271
1053.000000 1.201179
1054.000000 1.213673
1055.000000 1.226871
1056.000000 1.222171
1057.000000 1.228901
1058.000000 1.235316
1059.000000 1.245660
1060.000000 1.263798
1061.000000 1.258215
1062.000000 1.247464
1063.000000 1.251487
1064.000000 1.261228
1065.000000 1.251020
1066.000000 1.254387
1067.000000 1.242176
1068.000000 1.227739
1069.000000 1.258321
1070.000000 1.251934
1071.000000 1.259873
1072.000000 1.259032
1073.000000 1.254089
1074.000000 1.244568
1075.000000 1.221816
1076.000000 1.223119
1077.000000 1.200883
1078.000000 1.214228
1079.000000 1.209513
1080.000000 1.192224
1081.000000 1.183477
1082.000000 1.178022
1083.000000 1.177472
1084.000000 1.168222
1085.000000 1.166366
1086.000000 1.139138
1087.000000 1.144104
1088.000000 1.129682
1089.000000 1.108494
1090.000000 1.109439
1091.000000 1.106758
1092.000000 1.092720
1093.000000 1.074246
1094.000000 1.075514
1095.000000 1.072450
1096.000000 1.084350
1097.000000 1.074985
1098.000000 1.074992
1099.000000 1.068256
1100.000000 1.071454
1101.000000 1.078937
1102.000000 1.064726
1103.000000 1.065191
1104.000000 1.071690
1105.000000 1.070353
1106.000000 1.071770
1107.000000 1.066381
1108.000000 1.074667
1109.000000 1.080431
1110.000000 1.088981
1111.000000 1.101190
1112.000000 1.105177
1113.000000 1.117485
1114.000000 1.116983
1115.000000 1.119968
1116.000000 1.133010
1117.000000 1.134024
1118.000000 1.141396
1119.000000 1.134864
1120.000000 1.123928
1121.000000 1.133991
1122.000000 1.138903
1123.000000 1.138676
1124.000000 1.141622
1125.000000 1.128042
1126.000000 1.132526
1127.000000 1.124440
1128.000000 1.125114
1129.000000 1.119086
1130.000000 1.099641
1131.000000 1.092279
1132.000000 1.085287
1133.000000 1.082473
1134.000000 1.073227
1135.000000 1.071829
1136.000000 1.065115
1137.000000 1.059447
1138.000000 1.063021
1139.000000 1.077432
1140.000000 1.064923
1141.000000 1.060775
1142.000000 1.064714
1143.000000 1.061646
1144.000000 1.050866
1145.000000 1.059379
1146.000000 1.064215
1147.000000 1.058542
1148.000000 1.057031
1149.000000 1.071440
1150.000000 1.070083
1151.000000 1.069474
1152.000000 1.076524
1153.000000 1.072049
1154.000000 1.073079
1155.000000 1.083750
1156.000000 1.079089
1157.000000 1.092621
1158.000000 1.105665
1159.000000 1.098691
1160.000000 1.106820
1161.000000 1.120133
1162.000000 1.113671
1163.000000 1.121827
1164.000000 1.135813
1165.000000 1.151949
1166.000000 1.156986
1167.000000 1.169315
1168.000000 1.185066
1169.000000 1.194824
1170.000000 1.219256
1171.000000 1.229578
1172.000000 1.239767
1173.000000 1.258899
1174.000000 1.276740
1175.000000 1.275899
1176.000000 1.301931
1177.000000 1.321296
1178.000000 1.320274
1179.000000 1.299363
1180.000000 1.316212
1181.000000 1.346611
1182.000000 1.359749
1183.000000 1.366441
1184.000000 1.400158
1185.000000 1.423481
1186.000000 1.441566
1187.000000 1.469011
1188.000000 1.498027
1189.000000 1.545151
1190.000000 1.575434
1191.000000 1.623717
1192.000000 1.671696
1193.000000 1.719224
1194.000000 1.766307
1195.000000 1.819433
1196.000000 1.864181
1197.000000 1.929668
1198.000000 1.982084
1199.000000 2.035192
1200.000000 2.103004
1201.000000 2.206048
1202.000000 2.317111
1203.000000 2.440593
1204.000000 2.588127
1205.000000 2.695666
1206.000000 2.795924
1207.000000 2.952523
1208.000000 3.159118
1209.000000 3.445332
1210.000000 3.692226
1211.000000 4.006168
1212.000000 4.568821
1213.000000 5.471844
1214.000000 6.171772
1215.000000 6.421209
1216.000000 3.970927
1217.000000 3.730947
1218.000000 3.502576
1219.000000 3.273095
1220.000000 3.030036
1221.000000 2.855741
1222.000000 2.711168
1223.000000 2.575538
1224.000000 2.461136
1225.000000 2.350973
1226.000000 2.273079
1227.000000 2.191724
1228.000000 2.161646
1229.000000 2.111119
1230.000000 2.083872
1231.000000 2.060678
1232.000000 2.055093
1233.000000 2.042947
1234.000000 2.041134
1235.000000 2.050332
1236.000000 2.070276
1237.000000 2.070064
1238.000000 2.047810
1239.000000 2.030439
1240.000000 2.009960
1241.000000 1.971779
1242.000000 1.915081
1243.000000 1.847657
1244.000000 1.763214
1245.000000 1.702169
1246.000000 1.635733
1247.000000 1.575320
1248.000000 1.525795
1249.000000 1.488575
1250.000000 1.452045
1251.000000 1.419841
1252.000000 1.394859
1253.000000 1.369656
1254.000000 1.342979
1255.000000 1.323460
1256.000000 1.306472
1257.000000 1.295944
1258.000000 1.279593
1259.000000 1.262332
1260.000000 1.250726
1261.000000 1.237344
1262.000000 1.228258
1263.000000 1.218579
1264.000000 1.208095
1265.000000 1.195490
1266.000000 1.175161
1267.000000 1.155879
1268.000000 1.135363
1269.000000 1.120661
1270.000000 1.099873
1271.000000 1.086121
1272.000000 1.072068
1273.000000 1.058322
1274.000000 1.042300
1275.000000 1.031860
1276.000000 1.023675
1277.000000 1.015153
1278.000000 1.008350
1279.000000 1.001663
1280.000000 0.997478
1281.000000 0.991794
1282.000000 0.988074
1283.000000 0.986047
1284.000000 0.983783
1285.000000 0.979175
1286.000000 0.977676
1287.000000 0.973473
1288.000000 0.978675
1289.000000 0.975795
1290.000000 0.976699
1291.000000 0.982529
1292.000000 0.984950
1293.000000 0.988813
1294.000000 0.991389
1295.000000 0.993880
1296.000000 1.000290
1297.000000 1.008778
1298.000000 1.016344
1299.000000 1.020433
1300.000000 1.029840
1301.000000 1.038362
1302.000000 1.042270
1303.000000 1.051186
1304.000000 1.051341
1305.000000 1.051508
1306.000000 1.052477
1307.000000 1.046960
1308.000000 1.036282
1309.000000 1.028932
1310.000000 1.016559
1311.000000 1.006015
1312.000000 0.990750
1313.000000 0.974278
1314.000000 0.963292
1315.000000 0.951767
1316.000000 0.941095
1317.000000 0.931193
1318.000000 0.927205
1319.000000 0.923412
1320.000000 0.919622
1321.000000 0.918265
1322.000000 0.912372
1323.000000 0.913027
1324.000000 0.914075
1325.000000 0.915052
1326.000000 0.919266
1327.000000 0.920446
1328.000000 0.923066
1329.000000 0.929750
1330.000000 0.938368
1331.000000 0.944763
1332.000000 0.954392
1333.000000 0.954704
1334.000000 0.955652
1335.000000 0.958322
1336.000000 0.958175
1337.000000 0.957055
1338.000000 0.951956
1339.000000 0.945153
1340.000000 0.936207
1341.000000 0.930913
1342.000000 0.927746
1343.000000 0.920895
1344.000000 0.915247
1345.000000 0.911805
1346.000000 0.904786
1347.000000 0.902341
1348.000000 0.900588
1349.000000 0.896348
1350.000000 0.893279
1351.000000 0.890300
1352.000000 0.886421
1353.000000 0.884635
1354.000000 0.883391
1355.000000 0.885375
1356.000000 0.884396
1357.000000 0.884087
1358.000000 0.886619
1359.000000 0.884202
1360.000000 0.886300
1361.000000 0.887596
1362.000000 0.887963
1363.000000 0.889889
1364.000000 0.892707
1365.000000 0.891582
1366.000000 0.893131
1367.000000 0.892264
1368.000000 0.892000
1369.000000 0.893245
1370.000000 0.897015
1371.000000 0.897840
1372.000000 0.899316
1373.000000 0.900918
1374.000000 0.904845
1375.000000 0.904876
1376.000000 0.908661
1377.000000 0.913258
1378.000000 0.918270
1379.000000 0.928843
1380.000000 0.929827
1381.000000 0.936405
1382.000000 0.942806
1383.000000 0.952002
1384.000000 0.964004
1385.000000 0.972359
1386.000000 0.982056
1387.000000 0.994819
1388.000000 1.006708
1389.000000 1.024774
1390.000000 1.036844
1391.000000 1.051020
1392.000000 1.057169
1393.000000 1.059705
1394.000000 1.067486
1395.000000 1.067261
1396.000000 1.072037
1397.000000 1.072956
1398.000000 1.076615
1399.000000 1.079876
1400.000000 1.084402
1401.000000 1.078221
1402.000000 1.071877
1403.000000 1.057853
1404.000000 1.040703
1405.000000 1.025558
1406.000000 1.007786
1407.000000 0.992477
1408.000000 0.974537
1409.000000 0.955781
1410.000000 0.946685
1411.000000 0.935307
1412.000000 0.922792
1413.000000 0.911545
1414.000000 0.901756
1415.000000 0.893307
1416.000000 0.884219
1417.000000 0.878347
1418.000000 0.869778
1419.000000 0.864221
1420.000000 0.857477
1421.000000 0.853741
1422.000000 0.847551
1423.000000 0.843485
1424.000000 0.839788
1425.000000 0.834003
1426.000000 0.829324
1427.000000 0.825769
1428.000000 0.821969
1429.000000 0.816814
1430.000000 0.813678
1431.000000 0.812220
1432.000000 0.806933
1433.000000 0.805858
1434.000000 0.802145
1435.000000 0.800163
1436.000000 0.795650
1437.000000 0.795119
1438.000000 0.790413
1439.000000 0.789019
1440.000000 0.785620
1441.000000 0.782920
1442.000000 0.779466
1443.000000 0.779146
1444.000000 0.777254
1445.000000 0.775800
1446.000000 0.773270
1447.000000 0.773638
1448.000000 0.772028
1449.000000 0.770106
1450.000000 0.770801
1451.000000 0.772975
1452.000000 0.772938
1453.000000 0.772569
1454.000000 0.772021
1455.000000 0.771961
1456.000000 0.771609
1457.000000 0.769309
1458.000000 0.769363
1459.000000 0.767030
1460.000000 0.767211
1461.000000 0.765948
1462.000000 0.767733
1463.000000 0.765512
1464.000000 0.765094
1465.000000 0.767664
1466.000000 0.766903
1467.000000 0.766197
1468.000000 0.767296
1469.000000 0.765289
1470.000000 0.767809
1471.000000 0.769647
1472.000000 0.767390
1473.000000 0.767932
1474.000000 0.770251
1475.000000 0.771693
1476.000000 0.771543
1477.000000 0.776141
1478.000000 0.778315
1479.000000 0.780387
1480.000000 0.782354
1481.000000 0.785382
1482.000000 0.787461
1483.000000 0.788849
1484.000000 0.791667
1485.000000 0.793873
1486.000000 0.792178
1487.000000 0.792538
1488.000000 0.790246
1489.000000 0.790990
1490.000000 0.790931
1491.000000 0.790505
1492.000000 0.795049
1493.000000 0.793464
1494.000000 0.793615
1495.000000 0.795930
1496.000000 0.798795
1497.000000 0.800120
1498.000000 0.803395
1499.000000 0.806993
1500.000000 0.806653
1501.000000 0.807896
1502.000000 0.809466
1503.000000 0.810569
1504.000000 0.815161
1505.000000 0.813235
1506.000000 0.820550
1507.000000 0.823353
1508.000000 0.828996
1509.000000 0.831155
1510.000000 0.835819
1511.000000 0.840202
1512.000000 0.845332
1513.000000 0.854152
1514.000000 0.860580
1515.000000 0.865518
1516.000000 0.874480
1517.000000 0.882791
1518.000000 0.892648
1519.000000 0.904250
1520.000000 0.914566
1521.000000 0.927348
1522.000000 0.943205
1523.000000 0.959229
1524.000000 0.973342
1525.000000 0.987373
1526.000000 1.003311
1527.000000 1.020159
1528.000000 1.037272
1529.000000 1.054237
1530.000000 1.080158
1531.000000 1.100639
1532.000000 1.124155
1533.000000 1.146360
1534.000000 1.172363
1535.000000 1.195007
1536.000000 1.221004
1537.000000 1.249518
1538.000000 1.278611
1539.000000 1.315764
1540.000000 1.354023
1541.000000 1.393347
1542.000000 1.435095
1543.000000 1.477344
1544.000000 1.536582
1545.000000 1.587669
1546.000000 1.628044
1547.000000 1.648127
1548.000000 1.642844
1549.000000 1.614420
1550.000000 1.560006
1551.000000 1.501225
1552.000000 1.444998
1553.000000 1.377820
1554.000000 1.324963
1555.000000 1.278473
1556.000000 1.237636
1557.000000 1.195944
1558.000000 1.161018
1559.000000 1.128295
1560.000000 1.097692
1561.000000 1.068201
1562.000000 1.042885
1563.000000 1.018747
1564.000000 0.999883
1565.000000 0.983314
1566.000000 0.963841
1567.000000 0.949571
1568.000000 0.936675
1569.000000 0.925435
1570.000000 0.908601
1571.000000 0.898011
1572.000000 0.888054
1573.000000 0.879143
1574.000000 0.869352
1575.000000 0.858404
1576.000000 0.851706
1577.000000 0.845431
1578.000000 0.838747
1579.000000 0.830903
1580.000000 0.824893
1581.000000 0.819258
1582.000000 0.814449
1583.000000 0.809188
1584.000000 0.803970
1585.000000 0.799135
1586.000000 0.797963
1587.000000 0.791912
1588.000000 0.789913
1589.000000 0.785445
1590.000000 0.781712
1591.000000 0.780249
1592.000000 0.774998
1593.000000 0.775628
1594.000000 0.774441
1595.000000 0.771663
1596.000000 0.769666
1597.000000 0.768907
1598.000000 0.768118
1599.000000 0.768429
1600.000000 0.765800
1601.000000 0.766953
1602.000000 0.764448
1603.000000 0.765701
1604.000000 0.764480
1605.000000 0.763663
1606.000000 0.760840
1607.000000 0.760826
1608.000000 0.758081
1609.000000 0.757325
1610.000000 0.757335
1611.000000 0.756545
1612.000000 0.756265
1613.000000 0.756689
1614.000000 0.754747
1615.000000 0.755967
1616.000000 0.756712
1617.000000 0.756810
1618.000000 0.755573
1619.000000 0.756013
1620.000000 0.755545
1621.000000 0.755046
1622.000000 0.756677
1623.000000 0.756241
1624.000000 0.755914
1625.000000 0.758390
1626.000000 0.759600
1627.000000 0.759022
1628.000000 0.758711
1629.000000 0.761721
1630.000000 0.762163
1631.000000 0.764768
1632.000000 0.767979
1633.000000 0.771409
1634.000000 0.772684
1635.000000 0.779218
1636.000000 0.780645
1637.000000 0.783676
1638.000000 0.786394
1639.000000 0.784700
1640.000000 0.779493
1641.000000 0.769923
1642.000000 0.759914
1643.000000 0.749944
1644.000000 0.746364
1645.000000 0.741235
1646.000000 0.734522
1647.000000 0.730053
1648.000000 0.729006
1649.000000 0.725383
1650.000000 0.723150
1651.000000 0.723157
1652.000000 0.723270
1653.000000 0.723269
1654.000000 0.722710
1655.000000 0.722021
1656.000000 0.724842
1657.000000 0.724412
1658.000000 0.724024
1659.000000 0.723848
1660.000000 0.726936
1661.000000 0.726158
1662.000000 0.727978
1663.000000 0.724537
1664.000000 0.725113
1665.000000 0.721526
1666.000000 0.720723
1667.000000 0.714374
1668.000000 0.708384
1669.000000 0.705655
1670.000000 0.700189
1671.000000 0.694913
1672.000000 0.689437
1673.000000 0.686208
1674.000000 0.680748
1675.000000 0.674642
1676.000000 0.670653
1677.000000 0.666724
1678.000000 0.662170
1679.000000 0.660000
1680.000000 0.656496
1681.000000 0.651160
1682.000000 0.648650
1683.000000 0.645732
1684.000000 0.642733
1685.000000 0.640506
1686.000000 0.636983
1687.000000 0.636438
1688.000000 0.635896
1689.000000 0.633789
1690.000000 0.632766
1691.000000 0.631100
1692.000000 0.630134
1693.000000 0.629305
1694.000000 0.630443
1695.000000 0.629078
1696.000000 0.627339
1697.000000 0.627637
1698.000000 0.626488
1699.000000 0.625324
1700.000000 0.625559
1701.000000 0.626513
1702.000000 0.627671
1703.000000 0.625778
1704.000000 0.625889
1705.000000 0.626014
1706.000000 0.627331
1707.000000 0.629665
1708.000000 0.630032
1709.000000 0.629982
1710.000000 0.630182
1711.000000 0.629595
1712.000000 0.631311
1713.000000 0.631138
1714.000000 0.632789
1715.000000 0.632578
1716.000000 0.632194
1717.000000 0.631576
1718.000000 0.632599
1719.000000 0.633708
1720.000000 0.633258
1721.000000 0.632593
1722.000000 0.631981
1723.000000 0.629538
1724.000000 0.629961
1725.000000 0.630759
1726.000000 0.631244
1727.000000 0.628259
1728.000000 0.628352
1729.000000 0.627733
1730.000000 0.625841
1731.000000 0.626137
1732.000000 0.626226
1733.000000 0.625826
1734.000000 0.624655
1735.000000 0.626446
1736.000000 0.626778
1737.000000 0.627219
1738.000000 0.628314
1739.000000 0.628078
1740.000000 0.629773
1741.000000 0.632333
1742.000000 0.633027
1743.000000 0.635039
1744.000000 0.637228
1745.000000 0.636753
1746.000000 0.639626
1747.000000 0.637661
1748.000000 0.638665
1749.000000 0.638311
1750.000000 0.635210
1751.000000 0.636206
1752.000000 0.631021
1753.000000 0.629428
1754.000000 0.626979
1755.000000 0.622023
1756.000000 0.621292
1757.000000 0.615708
1758.000000 0.613843
1759.000000 0.610824
1760.000000 0.612707
1761.000000 0.608500
1762.000000 0.606852
1763.000000 0.605082
1764.000000 0.604033
1765.000000 0.603422
1766.000000 0.599690
1767.000000 0.597432
1768.000000 0.598482
1769.000000 0.597752
1770.000000 0.599051
1771.000000 0.595129
1772.000000 0.595099
1773.000000 0.593031
1774.000000 0.593895
1775.000000 0.593373
1776.000000 0.592471
1777.000000 0.593207
1778.000000 0.593243
1779.000000 0.595125
1780.000000 0.592039
1781.000000 0.593780
1782.000000 0.595908
1783.000000 0.596604
1784.000000 0.598483
1785.000000 0.597475
1786.000000 0.597812
1787.000000 0.599719
1788.000000 0.594078
1789.000000 0.593100
1790.000000 0.592895
1791.000000 0.589632
1792.000000 0.587197
1793.000000 0.584944
1794.000000 0.583415
1795.000000 0.581695
1796.000000 0.580211
1797.000000 0.578099
1798.000000 0.578688
1799.000000 0.577675
1800.000000 0.574951
1801.000000 0.573014
1802.000000 0.574294
1803.000000 0.576148
1804.000000 0.577380
1805.000000 0.576314
1806.000000 0.576912
1807.000000 0.576061
1808.000000 0.575095
1809.000000 0.578144
1810.000000 0.576713
1811.000000 0.575287
1812.000000 0.577721
1813.000000 0.578765
1814.000000 0.577705
1815.000000 0.577734
1816.000000 0.577236
1817.000000 0.575318
1818.000000 0.574141
1819.000000 0.575305
1820.000000 0.574046
1821.000000 0.572425
1822.000000 0.570873
1823.000000 0.572377
1824.000000 0.570892
1825.000000 0.568174
1826.000000 0.568464
1827.000000 0.566664
1828.000000 0.565830
1829.000000 0.565747
1830.000000 0.564329
1831.000000 0.563918
1832.000000 0.566928
1833.000000 0.567338
1834.000000 0.569803
1835.000000 0.569756
1836.000000 0.571301
1837.000000 0.573082
1838.000000 0.570122
1839.000000 0.573390
1840.000000 0.572764
1841.000000 0.576904
1842.000000 0.580133
1843.000000 0.581798
1844.000000 0.582422
1845.000000 0.582448
1846.000000 0.585806
1847.000000 0.589247
1848.000000 0.591492
1849.000000 0.594617
1850.000000 0.598619
1851.000000 0.598380
1852.000000 0.604798
1853.000000 0.606109
1854.000000 0.606797
1855.000000 0.607094
1856.000000 0.609785
1857.000000 0.610892
1858.000000 0.611891
1859.000000 0.613731
1860.000000 0.612538
1861.000000 0.615132
1862.000000 0.610995
1863.000000 0.615407
1864.000000 0.611346
1865.000000 0.611975
1866.000000 0.610930
1867.000000 0.608655
1868.000000 0.609123
1869.000000 0.608982
1870.000000 0.608679
1871.000000 0.607491
1872.000000 0.610177
1873.000000 0.607918
1874.000000 0.610353
1875.000000 0.611536
1876.000000 0.615339
1877.000000 0.616731
1878.000000 0.620999
1879.000000 0.621674
1880.000000 0.626207
1881.000000 0.635434
1882.000000 0.636486
1883.000000 0.645133
1884.000000 0.651057
1885.000000 0.655708
1886.000000 0.664261
1887.000000 0.671055
1888.000000 0.679148
1889.000000 0.686853
1890.000000 0.694798
1891.000000 0.701428
1892.000000 0.707496
1893.000000 0.712971
1894.000000 0.717921
1895.000000 0.722024
1896.000000 0.726709
1897.000000 0.729777
1898.000000 0.734909
1899.000000 0.738397
1900.000000 0.745364
1901.000000 0.751896
1902.000000 0.760846
1903.000000 0.771605
1904.000000 0.780999
1905.000000 0.789326
1906.000000 0.797892
1907.000000 0.799624
1908.000000 0.796270
1909.000000 0.788512
1910.000000 0.778932
1911.000000 0.766242
1912.000000 0.753659
1913.000000 0.741632
1914.000000 0.730397
1915.000000 0.715754
1916.000000 0.703369
1917.000000 0.692452
1918.000000 0.681539
1919.000000 0.670409
1920.000000 0.659403
1921.000000 0.651291
1922.000000 0.642430
1923.000000 0.633177
1924.000000 0.624992
1925.000000 0.617417
1926.000000 0.611329
1927.000000 0.603550
1928.000000 0.598384
1929.000000 0.592545
1930.000000 0.586282
1931.000000 0.580629
1932.000000 0.575398
1933.000000 0.568802
1934.000000 0.565589
1935.000000 0.559176
1936.000000 0.556014
1937.000000 0.552158
1938.000000 0.546710
1939.000000 0.544329
1940.000000 0.542864
1941.000000 0.538262
1942.000000 0.536868
1943.000000 0.531473
1944.000000 0.532132
1945.000000 0.528755
1946.000000 0.527962
1947.000000 0.522833
1948.000000 0.522150
1949.000000 0.520110
1950.000000 0.518788
1951.000000 0.518317
1952.000000 0.516212
1953.000000 0.513203
1954.000000 0.511818
1955.000000 0.509872
1956.000000 0.509197
1957.000000 0.506838
1958.000000 0.506316
1959.000000 0.503701
1960.000000 0.501473
1961.000000 0.498038
1962.000000 0.497289
1963.000000 0.493472
1964.000000 0.495109
1965.000000 0.491938
1966.000000 0.492482
1967.000000 0.490782
1968.000000 0.490182
1969.000000 0.486614
1970.000000 0.486342
1971.000000 0.486938
1972.000000 0.484489
1973.000000 0.483982
1974.000000 0.484465
1975.000000 0.481788
1976.000000 0.481396
1977.000000 0.480443
1978.000000 0.481275
1979.000000 0.479277
1980.000000 0.479474
1981.000000 0.480165
1982.000000 0.477936
1983.000000 0.478689
1984.000000 0.478486
1985.000000 0.479161
1986.000000 0.479089
1987.000000 0.477353
1988.000000 0.479489
1989.000000 0.477951
1990.000000 0.478172
1991.000000 0.478381
1992.000000 0.477323
1993.000000 0.479703
1994.000000 0.477484
1995.000000 0.476867
1996.000000 0.475599
1997.000000 0.477534
1998.000000 0.475952
1999.000000 0.475597
2000.000000 0.477131
2001.000000 0.473434
2002.000000 0.473349
2003.000000 0.474601
2004.000000 0.472860
2005.000000 0.472468
2006.000000 0.470972
2007.000000 0.471523
2008.000000 0.468239
2009.000000 0.469034
2010.000000 0.470180
2011.000000 0.469112
2012.000000 0.467116
2013.000000 0.465643
2014.000000 0.467034
2015.000000 0.466508
2016.000000 0.466053
2017.000000 0.464715
2018.000000 0.466466
2019.000000 0.463268
2020.000000 0.464904
2021.000000 0.463482
2022.000000 0.462261
2023.000000 0.462130
2024.000000 0.463118
2025.000000 0.460758
2026.000000 0.460191
2027.000000 0.457670
2028.000000 0.459647
2029.000000 0.459388
2030.000000 0.460833
2031.000000 0.459850
2032.000000 0.459072
2033.000000 0.457882
2034.000000 0.458559
2035.000000 0.459231
2036.000000 0.459238
2037.000000 0.457826
2038.000000 0.456559
2039.000000 0.458438
2040.000000 0.458261
2041.000000 0.457377
2042.000000 0.457208
2043.000000 0.457816
2044.000000 0.458948
2045.000000 0.458458
2046.000000 0.458282
2047.000000 0.458169
2048.000000 0.455654
2049.000000 0.458381
2050.000000 0.457457
2051.000000 0.459113
2052.000000 0.461023
2053.000000 0.461486
2054.000000 0.462076
2055.000000 0.463129
2056.000000 0.463629
2057.000000 0.464629
2058.000000 0.466482
2059.000000 0.468504
2060.000000 0.466392
2061.000000 0.469897
2062.000000 0.470052
2063.000000 0.470612
2064.000000 0.470601
2065.000000 0.471741
2066.000000 0.471224
2067.000000 0.473038
2068.000000 0.471379
2069.000000 0.472885
2070.000000 0.473289
2071.000000 0.471672
2072.000000 0.470970
2073.000000 0.471058
2074.000000 0.467767
2075.000000 0.470095
2076.000000 0.470498
2077.000000 0.468746
2078.000000 0.470007
2079.000000 0.466092
2080.000000 0.467556
2081.000000 0.466600
2082.000000 0.465607
2083.000000 0.464591
2084.000000 0.463434
2085.000000 0.463884
2086.000000 0.462484
2087.000000 0.462090
2088.000000 0.461473
2089.000000 0.459219
2090.000000 0.459762
2091.000000 0.457856
2092.000000 0.457736
2093.000000 0.456579
2094.000000 0.455563
2095.000000 0.456270
2096.000000 0.452562
2097.000000 0.452376
2098.000000 0.451691
2099.000000 0.453089
2100.000000 0.451600
2101.000000 0.448196
2102.000000 0.449082
2103.000000 0.446894
2104.000000 0.447694
2105.000000 0.446960
2106.000000 0.444439
2107.000000 0.446543
2108.000000 0.444541
2109.000000 0.443813
2110.000000 0.442516
2111.000000 0.441523
2112.000000 0.441612
2113.000000 0.439908
2114.000000 0.437279
2115.000000 0.436784
2116.000000 0.437190
2117.000000 0.434684
2118.000000 0.434368
2119.000000 0.431563
2120.000000 0.434309
2121.000000 0.430514
2122.000000 0.428951
2123.000000 0.428982
2124.000000 0.429218
2125.000000 0.428431
2126.000000 0.427902
2127.000000 0.426406
2128.000000 0.425833
2129.000000 0.426299
2130.000000 0.424821
2131.000000 0.423836
2132.000000 0.423823
2133.000000 0.425026
2134.000000 0.425141
2135.000000 0.421826
2136.000000 0.423494
2137.000000 0.422748
2138.000000 0.421975
2139.000000 0.423610
2140.000000 0.422543
2141.000000 0.422766
2142.000000 0.421666
2143.000000 0.421081
2144.000000 0.421719
2145.000000 0.417919
2146.000000 0.417094
2147.000000 0.418729
2148.000000 0.417571
2149.000000 0.417129
2150.000000 0.413946
2151.000000 0.413548
2152.000000 0.411604
2153.000000 0.412013
2154.000000 0.411894
2155.000000 0.409849
2156.000000 0.409372
2157.000000 0.408860
2158.000000 0.408465
2159.000000 0.410064
2160.000000 0.409226
2161.000000 0.411249
2162.000000 0.409497
2163.000000 0.409487
2164.000000 0.409647
2165.000000 0.409793
2166.000000 0.409521
2167.000000 0.410227
2168.000000 0.410152
2169.000000 0.409737
2170.000000 0.407940
2171.000000 0.408211
2172.000000 0.408019
2173.000000 0.407387
2174.000000 0.409986
2175.000000 0.408483
2176.000000 0.407116
2177.000000 0.408149
2178.000000 0.406375
2179.000000 0.405202
2180.000000 0.405193
2181.000000 0.403347
2182.000000 0.405752
2183.000000 0.403312
2184.000000 0.404855
2185.000000 0.401750
2186.000000 0.401573
2187.000000 0.400895
2188.000000 0.400848
2189.000000 0.400922
2190.000000 0.398850
2191.000000 0.398546
2192.000000 0.397399
2193.000000 0.396765
2194.000000 0.396207
2195.000000 0.396826
2196.000000 0.393557
2197.000000 0.394534
2198.000000 0.393602
2199.000000 0.392691
2200.000000 0.392977
2201.000000 0.394728
2202.000000 0.392051
2203.000000 0.393562
2204.000000 0.393431
2205.000000 0.393031
2206.000000 0.392358
2207.000000 0.391566
2208.000000 0.393410
2209.000000 0.394159
2210.000000 0.395016
2211.000000 0.393369
2212.000000 0.393691
2213.000000 0.391658
2214.000000 0.395342
2215.000000 0.392706
2216.000000 0.392881
2217.000000 0.394135
2218.000000 0.394155
2219.000000 0.394251
2220.000000 0.394925
2221.000000 0.395249
2222.000000 0.393745
2223.000000 0.394527
2224.000000 0.395019
2225.000000 0.394585
2226.000000 0.391281
2227.000000 0.389877
2228.000000 0.391703
2229.000000 0.390733
2230.000000 0.388830
2231.000000 0.390919
2232.000000 0.390610
2233.000000 0.388518
2234.000000 0.387747
2235.000000 0.388042
2236.000000 0.385678
2237.000000 0.385504
2238.000000 0.386403
2239.000000 0.385937
2240.000000 0.386841
2241.000000 0.385933
2242.000000 0.384824
2243.000000 0.384120
2244.000000 0.383437
2245.000000 0.383703
2246.000000 0.384305
2247.000000 0.386105
2248.000000 0.387316
2249.000000 0.385615
2250.000000 0.385638
2251.000000 0.386434
2252.000000 0.388335
2253.000000 0.384984
2254.000000 0.388284
2255.000000 0.387761
2256.000000 0.386270
2257.000000 0.386251
2258.000000 0.388661
2259.000000 0.386896
2260.000000 0.387610
2261.000000 0.388932
2262.000000 0.391026
2263.000000 0.390339
2264.000000 0.390628
2265.000000 0.388455
2266.000000 0.389406
2267.000000 0.391324
2268.000000 0.391710
2269.000000 0.391121
2270.000000 0.391097
2271.000000 0.390250
2272.000000 0.391350
2273.000000 0.393138
2274.000000 0.390886
2275.000000 0.392913
2276.000000 0.398348
2277.000000 0.395498
2278.000000 0.395521
2279.000000 0.397482
2280.000000 0.396280
2281.000000 0.397374
2282.000000 0.398155
2283.000000 0.397969
2284.000000 0.397748
2285.000000 0.397668
2286.000000 0.397168
2287.000000 0.399408
2288.000000 0.400811
2289.000000 0.399263
2290.000000 0.401185
2291.000000 0.401308
2292.000000 0.400450
2293.000000 0.401639
2294.000000 0.401161
2295.000000 0.401234
2296.000000 0.402865
2297.000000 0.403618
2298.000000 0.404265
2299.000000 0.405164
2300.000000 0.406787
2301.000000 0.405406
2302.000000 0.407393
2303.000000 0.406944
2304.000000 0.404285
2305.000000 0.406671
2306.000000 0.407707
2307.000000 0.406767
2308.000000 0.407736
2309.000000 0.409320
2310.000000 0.405366
2311.000000 0.408029
2312.000000 0.405457
2313.000000 0.406084
2314.000000 0.407764
2315.000000 0.407507
2316.000000 0.410595
2317.000000 0.409708
2318.000000 0.410477
2319.000000 0.414268
2320.000000 0.411377
2321.000000 0.411546
2322.000000 0.413931
2323.000000 0.413649
2324.000000 0.414412
2325.000000 0.414752
2326.000000 0.415413
2327.000000 0.415621
2328.000000 0.414331
2329.000000 0.413925
2330.000000 0.414793
2331.000000 0.413605
2332.000000 0.411027
2333.000000 0.412076
2334.000000 0.410535
2335.000000 0.407824
2336.000000 0.407160
2337.000000 0.406717
2338.000000 0.406921
2339.000000 0.406132
2340.000000 0.403552
2341.000000 0.402933
2342.000000 0.401205
2343.000000 0.402064
2344.000000 0.401266
2345.000000 0.398749
2346.000000 0.400868
2347.000000 0.401043
2348.000000 0.398785
2349.000000 0.397956
2350.000000 0.396337
2351.000000 0.397664
2352.000000 0.395726
2353.000000 0.395379
2354.000000 0.396707
2355.000000 0.395879
2356.000000 0.395934
2357.000000 0.395453
2358.000000 0.395360
2359.000000 0.394236
2360.000000 0.392539
2361.000000 0.392551
2362.000000 0.392303
2363.000000 0.392036
2364.000000 0.391596
2365.000000 0.393292
2366.000000 0.389291
2367.000000 0.392583
2368.000000 0.389304
2369.000000 0.389833
2370.000000 0.390878
2371.000000 0.390576
2372.000000 0.388087
2373.000000 0.387437
2374.000000 0.385968
2375.000000 0.384970
2376.000000 0.387830
2377.000000 0.391212
2378.000000 0.388355
2379.000000 0.388653
2380.000000 0.388719
2381.000000 0.387860
2382.000000 0.387898
2383.000000 0.385653
2384.000000 0.386879
2385.000000 0.387072
2386.000000 0.387974
2387.000000 0.387900
2388.000000 0.389092
2389.000000 0.388810
2390.000000 0.388121
2391.000000 0.389095
2392.000000 0.388147
2393.000000 0.387950
2394.000000 0.387600
2395.000000 0.389011
2396.000000 0.388959
2397.000000 0.386691
2398.000000 0.388119
2399.000000 0.392709
2400.000000 0.388267
2401.000000 0.390496
2402.000000 0.386957
2403.000000 0.387315
2404.000000 0.388193
2405.000000 0.388485
2406.000000 0.389078
2407.000000 0.391325
2408.000000 0.392082
2409.000000 0.391169
2410.000000 0.393624
2411.000000 0.393512
2412.000000 0.389399
2413.000000 0.394030
2414.000000 0.394057
2415.000000 0.395599
2416.000000 0.396823
2417.000000 0.399694
2418.000000 0.398723
2419.000000 0.400452
2420.000000 0.405858
2421.000000 0.401673
2422.000000 0.404599
2423.000000 0.399133
2424.000000 0.400587
2425.000000 0.398936
2426.000000 0.398926
2427.000000 0.398543
2428.000000 0.399499
2429.000000 0.396971
2430.000000 0.397248
2431.000000 0.397873
2432.000000 0.393852
2433.000000 0.393684
2434.000000 0.395109
2435.000000 0.396130
2436.000000 0.392716
2437.000000 0.393698
2438.000000 0.391334
2439.000000 0.395072
2440.000000 0.394107
2441.000000 0.391950
2442.000000 0.388356
2443.000000 0.391561
2444.000000 0.389872
2445.000000 0.389666
2446.000000 0.386493
2447.000000 0.386953
2448.000000 0.384672
2449.000000 0.387606
2450.000000 0.387507
2451.000000 0.387902
2452.000000 0.386053
2453.000000 0.383965
2454.000000 0.385823
2455.000000 0.385322
2456.000000 0.385899
2457.000000 0.384103
2458.000000 0.383034
2459.000000 0.383731
2460.000000 0.386136
2461.000000 0.385674
2462.000000 0.386308
2463.000000 0.386127
2464.000000 0.386989
2465.000000 0.386126
2466.000000 0.387491
2467.000000 0.386098
2468.000000 0.385846
2469.000000 0.387392
2470.000000 0.388608
2471.000000 0.386165
2472.000000 0.385409
2473.000000 0.385226
2474.000000 0.384041
2475.000000 0.384502
2476.000000 0.385291
2477.000000 0.384483
2478.000000 0.384668
2479.000000 0.381887
2480.000000 0.385037
2481.000000 0.384358
2482.000000 0.386162
2483.000000 0.381697
2484.000000 0.382484
2485.000000 0.382263
2486.000000 0.382018
2487.000000 0.381169
2488.000000 0.381243
2489.000000 0.383147
2490.000000 0.382597
2491.000000 0.382736
2492.000000 0.381505
2493.000000 0.383280
2494.000000 0.383392
2495.000000 0.377963
2496.000000 0.378745
2497.000000 0.378983
2498.000000 0.378151
2499.000000 0.378548
2500.000000 0.378500
2501.000000 0.378487
2502.000000 0.377514
2503.000000 0.380082
2504.000000 0.379147
2505.000000 0.379611
2506.000000 0.377588
2507.000000 0.378005
2508.000000 0.378533
2509.000000 0.379118
2510.000000 0.377940
2511.000000 0.375751
2512.000000 0.374574
2513.000000 0.377707
2514.000000 0.373080
2515.000000 0.376449
2516.000000 0.374344
2517.000000 0.375144
2518.000000 0.373431
2519.000000 0.373381
2520.000000 0.372358
2521.000000 0.370093
2522.000000 0.371085
2523.000000 0.371899
2524.000000 0.373296
2525.000000 0.374648
2526.000000 0.369678
2527.000000 0.370762
2528.000000 0.370082
2529.000000 0.371336
2530.000000 0.370288
2531.000000 0.371238
2532.000000 0.368218
2533.000000 0.371354
2534.000000 0.369576
2535.000000 0.373445
2536.000000 0.370650
2537.000000 0.369581
2538.000000 0.368228
2539.000000 0.370880
2540.000000 0.370098
2541.000000 0.370077
2542.000000 0.366195
2543.000000 0.366820
2544.000000 0.365670
2545.000000 0.368570
2546.000000 0.365472
2547.000000 0.367806
2548.000000 0.368178
2549.000000 0.365915
2550.000000 0.363450
2551.000000 0.364740
2552.000000 0.363859
2553.000000 0.365880
2554.000000 0.359947
2555.000000 0.360466
2556.000000 0.361158
2557.000000 0.359095
2558.000000 0.359691
2559.000000 0.360705
2560.000000 0.360116
2561.000000 0.360263
2562.000000 0.363689
2563.000000 0.361582
2564.000000 0.358107
2565.000000 0.357953
2566.000000 0.358717
2567.000000 0.356595
2568.000000 0.357844
2569.000000 0.356059
2570.000000 0.354185
2571.000000 0.356608
2572.000000 0.356691
2573.000000 0.355512
2574.000000 0.355830
2575.000000 0.355979
2576.000000 0.353293
2577.000000 0.353854
2578.000000 0.353235
2579.000000 0.356203
2580.000000 0.351724
2581.000000 0.352477
2582.000000 0.351566
2583.000000 0.350988
2584.000000 0.350790
2585.000000 0.351358
2586.000000 0.350198
2587.000000 0.350644
2588.000000 0.348911
2589.000000 0.347473
2590.000000 0.351420
2591.000000 0.348971
2592.000000 0.348944
2593.000000 0.351170
2594.000000 0.348933
2595.000000 0.348008
2596.000000 0.347441
2597.000000 0.347104
2598.000000 0.348690
2599.000000 0.347384
2600.000000 0.346132
2601.000000 0.347799
2602.000000 0.343985
2603.000000 0.344676
2604.000000 0.347822
2605.000000 0.344859
2606.000000 0.345167
2607.000000 0.345635
2608.000000 0.346890
2609.000000 0.346486
2610.000000 0.348007
2611.000000 0.345546
2612.000000 0.346972
2613.000000 0.343344
2614.000000 0.345139
2615.000000 0.346265
2616.000000 0.345466
2617.000000 0.345793
2618.000000 0.346511
2619.000000 0.345274
2620.000000 0.347891
2621.000000 0.346349
2622.000000 0.346211
2623.000000 0.346226
2624.000000 0.344624
2625.000000 0.344161
2626.000000 0.341832
2627.000000 0.344105
2628.000000 0.345135
2629.000000 0.341941
2630.000000 0.341517
2631.000000 0.338098
2632.000000 0.336975
2633.000000 0.340526
2634.000000 0.338787
2635.000000 0.342061
2636.000000 0.337905
2637.000000 0.336068
2638.000000 0.334208
2639.000000 0.332633
2640.000000 0.334569
2641.000000 0.331387
2642.000000 0.332652
2643.000000 0.329701
2644.000000 0.328605
2645.000000 0.327582
2646.000000 0.327032
2647.000000 0.325280
2648.000000 0.325194
2649.000000 0.326672
2650.000000 0.323863
2651.000000 0.323706
2652.000000 0.325928
2653.000000 0.325159
2654.000000 0.324803
2655.000000 0.325272
2656.000000 0.322730
2657.000000 0.323091
2658.000000 0.324592
2659.000000 0.323766
2660.000000 0.322966
2661.000000 0.323933
2662.000000 0.324195
2663.000000 0.323063
2664.000000 0.324486
2665.000000 0.325566
2666.000000 0.324911
2667.000000 0.327336
2668.000000 0.324052
2669.000000 0.327305
2670.000000 0.326080
2671.000000 0.326555
2672.000000 0.327456
2673.000000 0.324391
2674.000000 0.325796
2675.000000 0.325836
2676.000000 0.328415
2677.000000 0.327139
2678.000000 0.324789
2679.000000 0.325174
2680.000000 0.323109
2681.000000 0.325738
2682.000000 0.324037
2683.000000 0.326026
2684.000000 0.324064
2685.000000 0.325248
2686.000000 0.326270
2687.000000 0.326041
2688.000000 0.326238
2689.000000 0.324534
2690.000000 0.322990
2691.000000 0.322039
2692.000000 0.323208
2693.000000 0.325076
2694.000000 0.324770
2695.000000 0.322894
2696.000000 0.324969
2697.000000 0.327126
2698.000000 0.325022
2699.000000 0.326681
2700.000000 0.326648
2701.000000 0.329974
2702.000000 0.331272
2703.000000 0.329873
2704.000000 0.325549
2705.000000 0.331733
2706.000000 0.330304
2707.000000 0.330790
2708.000000 0.331791
2709.000000 0.328918
2710.000000 0.330509
2711.000000 0.332633
2712.000000 0.334939
2713.000000 0.332465
2714.000000 0.333430
2715.000000 0.335757
2716.000000 0.334239
2717.000000 0.337115
2718.000000 0.334884
2719.000000 0.334914
2720.000000 0.338522
2721.000000 0.338345
2722.000000 0.342427
2723.000000 0.340902
2724.000000 0.341494
2725.000000 0.345067
2726.000000 0.340872
2727.000000 0.341909
2728.000000 0.341970
2729.000000 0.340748
2730.000000 0.340667
2731.000000 0.345572
2732.000000 0.347624
2733.000000 0.345857
2734.000000 0.347337
2735.000000 0.344687
2736.000000 0.352065
2737.000000 0.349311
2738.000000 0.349127
2739.000000 0.349417
2740.000000 0.345376
2741.000000 0.349420
2742.000000 0.349673
2743.000000 0.349372
2744.000000 0.351524
2745.000000 0.351237
2746.000000 0.351677
2747.000000 0.351495
2748.000000 0.352231
2749.000000 0.354215
2750.000000 0.354532
2751.000000 0.355505
2752.000000 0.354879
2753.000000 0.356278
2754.000000 0.356652
2755.000000 0.356612
2756.000000 0.362003
2757.000000 0.357965
2758.000000 0.359735
2759.000000 0.356646
2760.000000 0.357867
2761.000000 0.357299
2762.000000 0.360243
2763.000000 0.361411
2764.000000 0.360583
2765.000000 0.364661
2766.000000 0.363492
2767.000000 0.363154
2768.000000 0.366362
2769.000000 0.364879
2770.000000 0.373213
2771.000000 0.368444
2772.000000 0.375331
2773.000000 0.375157
2774.000000 0.380801
2775.000000 0.379576
2776.000000 0.386148
2777.000000 0.388068
2778.000000 0.389379
2779.000000 0.395733
2780.000000 0.397919
2781.000000 0.402684
2782.000000 0.406685
2783.000000 0.409050
2784.000000 0.417351
2785.000000 0.421879
2786.000000 0.428287
2787.000000 0.432639
2788.000000 0.440491
2789.000000 0.443031
2790.000000 0.453210
2791.000000 0.458945
2792.000000 0.471252
2793.000000 0.478159
2794.000000 0.479415
2795.000000 0.483899
2796.000000 0.486491
2797.000000 0.496645
2798.000000 0.497986
2799.000000 0.501972
2800.000000 0.498604
2801.000000 0.495472
2802.000000 0.495834
2803.000000 0.491682
2804.000000 0.491101
2805.000000 0.488035
2806.000000 0.482618
2807.000000 0.475151
2808.000000 0.470254
2809.000000 0.458862
2810.000000 0.457773
2811.000000 0.451489
2812.000000 0.443795
2813.000000 0.436721
2814.000000 0.426623
2815.000000 0.426025
2816.000000 0.417891
2817.000000 0.414059
2818.000000 0.407629
2819.000000 0.402826
2820.000000 0.394721
2821.000000 0.392504
2822.000000 0.389207
2823.000000 0.387297
2824.000000 0.382154
2825.000000 0.379201
2826.000000 0.377208
2827.000000 0.372305
2828.000000 0.374255
2829.000000 0.365230
2830.000000 0.370129
2831.000000 0.362610
2832.000000 0.363128
2833.000000 0.356345
2834.000000 0.356907
2835.000000 0.357875
2836.000000 0.355540
2837.000000 0.352478
2838.000000 0.351386
2839.000000 0.352621
2840.000000 0.349926
2841.000000 0.349003
2842.000000 0.346882
2843.000000 0.345673
2844.000000 0.342839
2845.000000 0.343199
2846.000000 0.338188
2847.000000 0.340705
2848.000000 0.340276
2849.000000 0.338518
2850.000000 0.335948
2851.000000 0.337810
2852.000000 0.335212
2853.000000 0.333137
2854.000000 0.334644
2855.000000 0.329919
2856.000000 0.331075
2857.000000 0.328077
2858.000000 0.325979
2859.000000 0.327866
2860.000000 0.324274
2861.000000 0.325006
2862.000000 0.322856
2863.000000 0.319834
2864.000000 0.321320
2865.000000 0.317688
2866.000000 0.319505
2867.000000 0.316590
2868.000000 0.319318
2869.000000 0.320045
2870.000000 0.322402
2871.000000 0.313220
2872.000000 0.315175
2873.000000 0.313908
2874.000000 0.321831
2875.000000 0.313158
2876.000000 0.320063
2877.000000 0.307040
2878.000000 0.310174
2879.000000 0.311425
2880.000000 0.314493
2881.000000 0.312973
2882.000000 0.313557
2883.000000 0.306584
2884.000000 0.313605
2885.000000 0.306809
2886.000000 0.310635
2887.000000 0.303672
2888.000000 0.306472
2889.000000 0.305734
2890.000000 0.305941
2891.000000 0.301711
2892.000000 0.304291
2893.000000 0.306896
2894.000000 0.304110
2895.000000 0.301664
2896.000000 0.298031
2897.000000 0.299297
2898.000000 0.301787
2899.000000 0.299200
2900.000000 0.301205
2901.000000 0.296688
2902.000000 0.295083
2903.000000 0.294722
2904.000000 0.297899
2905.000000 0.294587
2906.000000 0.298127
2907.000000 0.295467
2908.000000 0.299283
2909.000000 0.293624
2910.000000 0.299287
2911.000000 0.293540
2912.000000 0.295166
2913.000000 0.292508
2914.000000 0.294352
2915.000000 0.288375
2916.000000 0.297362
2917.000000 0.290643
2918.000000 0.298839
2919.000000 0.294907
2920.000000 0.297401
2921.000000 0.302601
2922.000000 0.298939
2923.000000 0.296665
2924.000000 0.298131
2925.000000 0.302067
2926.000000 0.298559
2927.000000 0.298682
2928.000000 0.303904
2929.000000 0.298808
2930.000000 0.304449
2931.000000 0.300248
2932.000000 0.301859
2933.000000 0.299291
2934.000000 0.299272
2935.000000 0.305331
2936.000000 0.298766
2937.000000 0.303801
2938.000000 0.300852
2939.000000 0.304555
2940.000000 0.299399
2941.000000 0.303044
2942.000000 0.297345
2943.000000 0.305232
2944.000000 0.299406
2945.000000 0.300439
2946.000000 0.297431
2947.000000 0.304507
2948.000000 0.300640
2949.000000 0.304269
2950.000000 0.297525
2951.000000 0.303000
2952.000000 0.303618
2953.000000 0.300390
2954.000000 0.299866
2955.000000 0.294378
2956.000000 0.296007
2957.000000 0.294091
2958.000000 0.297712
2959.000000 0.294319
2960.000000 0.299432
2961.000000 0.293384
2962.000000 0.295130
2963.000000 0.292073
2964.000000 0.298947
2965.000000 0.298673
2966.000000 0.298343
2967.000000 0.294434
2968.000000 0.292243
2969.000000 0.289912
2970.000000 0.293196
2971.000000 0.294794
2972.000000 0.290989
2973.000000 0.293303
2974.000000 0.286243
2975.000000 0.292700
2976.000000 0.291358
2977.000000 0.289909
2978.000000 0.287611
2979.000000 0.293993
2980.000000 0.290862
2981.000000 0.290411
2982.000000 0.294573
2983.000000 0.292127
2984.000000 0.290632
2985.000000 0.286450
2986.000000 0.287453
2987.000000 0.282033
2988.000000 0.286469
2989.000000 0.280055
2990.000000 0.284713
2991.000000 0.287019
2992.000000 0.281503
2993.000000 0.279854
2994.000000 0.278680
2995.000000 0.279587
2996.000000 0.274587
2997.000000 0.281490
2998.000000 0.275021
2999.000000 0.280970
3000.000000 0.278547
3001.000000 0.271992
3002.000000 0.272626
3003.000000 0.276792
3004.000000 0.274582
3005.000000 0.272452
3006.000000 0.275520
3007.000000 0.271262
3008.000000 0.272686
3009.000000 0.267013
3010.000000 0.260574
3011.000000 0.268829
3012.000000 0.271174
3013.000000 0.267319
3014.000000 0.265056
3015.000000 0.266369
3016.000000 0.259261
3017.000000 0.261835
3018.000000 0.264788
3019.000000 0.266039
3020.000000 0.262940
3021.000000 0.260142
3022.000000 0.254288
3023.000000 0.253110
3024.000000 0.264007
3025.000000 0.264630
3026.000000 0.259261
3027.000000 0.259646
3028.000000 0.256372
3029.000000 0.258877
3030.000000 0.247682
3031.000000 0.258762
3032.000000 0.255365
3033.000000 0.258267
3034.000000 0.251097
3035.000000 0.253360
3036.000000 0.255889
3037.000000 0.255542
3038.000000 0.256523
3039.000000 0.254277
3040.000000 0.260725
3041.000000 0.261117
3042.000000 0.257680
3043.000000 0.257949
3044.000000 0.251493
3045.000000 0.262440
3046.000000 0.254330
3047.000000 0.260142
3048.000000 0.257773
3049.000000 0.249280
3050.000000 0.260161
3051.000000 0.246675
3052.000000 0.258255
3053.000000 0.258110
3054.000000 0.256925
3055.000000 0.254739
3056.000000 0.255171
3057.000000 0.254310
3058.000000 0.254372
3059.000000 0.259162
3060.000000 0.256531
3061.000000 0.252313
3062.000000 0.252039
3063.000000 0.251602
3064.000000 0.257799
3065.000000 0.258004
3066.000000 0.253806
3067.000000 0.263269
3068.000000 0.251392
3069.000000 0.260260
3070.000000 0.254250
3071.000000 0.255161
3072.000000 0.257134
3073.000000 0.261925
3074.000000 0.254244
3075.000000 0.261402
3076.000000 0.254872
3077.000000 0.249423
3078.000000 0.252358
3079.000000 0.252149
3080.000000 0.250528
3081.000000 0.263293
3082.000000 0.252367
3083.000000 0.253272
3084.000000 0.253845
3085.000000 0.251166
3086.000000 0.258988
3087.000000 0.249147
3088.000000 0.251604
3089.000000 0.253167
3090.000000 0.250677
3091.000000 0.251151
3092.000000 0.243553
3093.000000 0.255927
3094.000000 0.255369
3095.000000 0.251195
3096.000000 0.265814
3097.000000 0.254111
3098.000000 0.261876
3099.000000 0.261794
3100.000000 0.258545
3101.000000 0.250424
3102.000000 0.246161
3103.000000 0.259116
3104.000000 0.253877
3105.000000 0.254302
3106.000000 0.255859
3107.000000 0.251729
3108.000000 0.252414
3109.000000 0.262822
3110.000000 0.263994
3111.000000 0.263376
3112.000000 0.248175
3113.000000 0.249969
3114.000000 0.254102
3115.000000 0.257485
3116.000000 0.263385
3117.000000 0.253964
3118.000000 0.258738
3119.000000 0.253502
3120.000000 0.256125
3121.000000 0.266793
3122.000000 0.260950
3123.000000 0.262497
3124.000000 0.260575
3125.000000 0.252666
3126.000000 0.266939
3127.000000 0.262807
3128.000000 0.265127
3129.000000 0.275919
3130.000000 0.256841
3131.000000 0.273496
3132.000000 0.253577
3133.000000 0.257708
3134.000000 0.263034
3135.000000 0.260484
3136.000000 0.258843
3137.000000 0.253354
3138.000000 0.265513
3139.000000 0.250810
3140.000000 0.265073
3141.000000 0.264956
3142.000000 0.265024
3143.000000 0.253304
3144.000000 0.260963
3145.000000 0.263526
3146.000000 0.258379
3147.000000 0.274199
3148.000000 0.253470
3149.000000 0.252031
3150.000000 0.252147
3151.000000 0.249983
3152.000000 0.255965
3153.000000 0.246732
3154.000000 0.259101
3155.000000 0.263787
3156.000000 0.249307
3157.000000 0.261160
3158.000000 0.257407
3159.000000 0.248209
3160.000000 0.255775
3161.000000 0.260529
3162.000000 0.269674
3163.000000 0.249391
3164.000000 0.242830
3165.000000 0.254759
3166.000000 0.270763
3167.000000 0.249304
3168.000000 0.275868
3169.000000 0.274696
3170.000000 0.247972
3171.000000 0.275607
3172.000000 0.248200
3173.000000 0.264627
3174.000000 0.256459
3175.000000 0.272379
3176.000000 0.269158
3177.000000 0.243258
3178.000000 0.254146
3179.000000 0.271796
3180.000000 0.250363
3181.000000 0.254735
3182.000000 0.256515
3183.000000 0.267645
3184.000000 0.270931
3185.000000 0.264277
3186.000000 0.256588
3187.000000 0.259180
3188.000000 0.274201
3189.000000 0.283140
3190.000000 0.284783
3191.000000 0.256457
3192.000000 0.260595
3193.000000 0.239958
3194.000000 0.256613
3195.000000 0.277963
3196.000000 0.269936
3197.000000 0.274295
3198.000000 0.272803
3199.000000 0.236383
3200.000000 0.253507
3201.000000 0.287336
3202.000000 0.266018
3203.000000 0.272024
3204.000000 0.270234
3205.000000 0.232536
3206.000000 0.261391
3207.000000 0.258126
3208.000000 0.253105
3209.000000 0.267357
3210.000000 0.269819
3211.000000 0.237307
3212.000000 0.250449
3213.000000 0.292266
3214.000000 0.269252
3215.000000 0.249275
3216.000000 0.265992
3217.000000 0.266125
3218.000000 0.276245
3219.000000 0.272870
3220.000000 0.246196
3221.000000 0.281085
3222.000000 0.225622
3223.000000 0.256183
3224.000000 0.250091
3225.000000 0.270398
3226.000000 0.280752
3227.000000 0.274973
3228.000000 0.260822
3229.000000 0.246444
3230.000000 0.250679
3231.000000 0.241411
3232.000000 0.263455
3233.000000 0.245531
3234.000000 0.237192
3235.000000 0.251649
3236.000000 0.273169
3237.000000 0.241666
3238.000000 0.236916
3239.000000 0.263247
3240.000000 0.263098
3241.000000 0.264496
3242.000000 0.255777
3243.000000 0.266614
3244.000000 0.271558
3245.000000 0.219169
3246.000000 0.276451
3247.000000 0.282998
3248.000000 0.251105
3249.000000 0.232547
3250.000000 0.245626
3251.000000 0.247603
3252.000000 0.245202
3253.000000 0.254243
3254.000000 0.269706
3255.000000 0.312436
3256.000000 0.256697
3257.000000 0.283221
3258.000000 0.238778
3259.000000 0.258753
3260.000000 0.260380
3261.000000 0.262119
3262.000000 0.242380
3263.000000 0.188469
3264.000000 0.183294
3265.000000 0.262583
3266.000000 0.246379
3267.000000 0.255169
3268.000000 0.241843
3269.000000 0.307665
3270.000000 0.297492
3271.000000 0.196901
3272.000000 0.175763
3273.000000 0.286642
3274.000000 0.393268
3275.000000 0.340278
3276.000000 0.254255
3277.000000 0.186765
3278.000000 0.384187
3279.000000 0.343796
3280.000000 0.299085
3281.000000 0.187937
3282.000000 -0.056183
3283.000000 0.299528
3284.000000 0.539241
3285.000000 0.213000
3286.000000 0.247797
3287.000000 0.411822
3288.000000 0.548206
3289.000000 0.166569
3290.000000 1.034614
3291.000000 1.196821
3292.000000 2.120628
3293.000000 2.752304
3294.000000 1.836683
3295.000000 -3.026268
3296.000000 16.540155
3297.000000 2.615612
3298.000000 -0.378608
3299.000000 -9.450411
3300.000000 nan
3301.000000 nan
3302.000000 nan
3303.000000 nan
3304.000000 nan
3305.000000 nan
3306.000000 nan
3307.000000 nan
3308.000000 nan
3309.000000 nan
3310.000000 nan
3311.000000 nan
3312.000000 nan
3313.000000 nan
3314.000000 nan
3315.000000 nan
3316.000000 nan
3317.000000 nan
3318.000000 nan
3319.000000 nan
3320.000000 nan
3321.000000 nan
3322.000000 nan
3323.000000 nan
3324.000000 nan
3325.000000 nan
3326.000000 nan
3327.000000 nan
3328.000000 nan
3329.000000 nan
3330.000000 nan
3331.000000 nan
3332.000000 nan
3333.000000 nan
3334.000000 nan
3335.000000 nan
3336.000000 nan
3337.000000 nan
3338.000000 nan
3339.000000 nan
3340.000000 nan
3341.000000 nan
3342.000000 nan
3343.000000 nan
3344.000000 nan
3345.000000 nan
3346.000000 nan
3347.000000 nan
3348.000000 nan
3349.000000 nan
3350.000000 nan
3351.000000 nan
3352.000000 nan
3353.000000 nan
3354.000000 nan
3355.000000 nan
3356.000000 nan
3357.000000 nan
3358.000000 nan
3359.000000 nan
3360.000000 nan
3361.000000 nan
3362.000000 nan
3363.000000 nan
3364.000000 nan
3365.000000 nan
3366.000000 nan
3367.000000 nan
3368.000000 nan
3369.000000 nan
3370.000000 nan
3371.000000 nan
3372.000000 nan
3373.000000 nan
3374.000000 nan
3375.000000 nan
3376.000000 nan
3377.000000 nan
3378.000000 nan
3379.000000 nan
3380.000000 nan
3381.000000 nan
3382.000000 nan
3383.000000 nan
3384.000000 nan
3385.000000 nan
3386.000000 nan
3387.000000 nan
3388.000000 nan
3389.000000 nan
3390.000000 nan
3391.000000 nan
3392.000000 nan
3393.000000 nan
3394.000000 nan
3395.000000 nan
3396.000000 nan
3397.000000 nan
3398.000000 nan
3399.000000 nan
3400.000000 nan
3401.000000 nan
3402.000000 nan
3403.000000 nan
3404.000000 nan
3405.000000 nan
3406.000000 nan
3407.000000 nan
3408.000000 nan
3409.000000 nan
3410.000000 nan
3411.000000 nan
3412.000000 nan
3413.000000 nan
3414.000000 nan
3415.000000 nan
3416.000000 nan
3417.000000 nan
3418.000000 nan
3419.000000 nan
3420.000000 nan
3421.000000 nan
3422.000000 nan
3423.000000 nan
3424.000000 nan
3425.000000 nan
3426.000000 nan
3427.000000 nan
3428.000000 nan
3429.000000 nan
3430.000000 nan
3431.000000 nan
3432.000000 nan
3433.000000 nan
3434.000000 nan
3435.000000 nan
3436.000000 nan
3437.000000 nan
3438.000000 nan
3439.000000 nan
3440.000000 nan
3441.000000 nan
3442.000000 nan
3443.000000 nan
3444.000000 nan
3445.000000 nan
3446.000000 nan
3447.000000 nan
3448.000000 nan
3449.000000 nan
3450.000000 nan
3451.000000 nan
3452.000000 nan
3453.000000 nan
3454.000000 nan
3455.000000 nan
3456.000000 nan
3457.000000 nan
3458.000000 nan
3459.000000 nan
3460.000000 nan
3461.000000 nan
3462.000000 nan
3463.000000 nan
3464.000000 nan
3465.000000 nan
3466.000000 nan
3467.000000 nan
3468.000000 nan
3469.000000 nan
3470.000000 nan
3471.000000 nan
3472.000000 nan
3473.000000 nan
3474.000000 nan
3475.000000 nan
3476.000000 nan
3477.000000 nan
3478.000000 nan
3479.000000 nan
3480.000000 nan
3481.000000 nan
3482.000000 nan
3483.000000 nan
3484.000000 nan
3485.000000 nan
3486.000000 nan
3487.000000 nan
3488.000000 nan
3489.000000 nan
3490.000000 nan
3491.000000 nan
3492.000000 nan
3493.000000 nan
3494.000000 nan
3495.000000 nan
3496.000000 nan
3497.000000 nan
3498.000000 nan
3499.000000 nan
3500.000000 nan
3501.000000 nan
3502.000000 nan
3503.000000 nan
3504.000000 nan
3505.000000 nan
3506.000000 nan
3507.000000 nan
3508.000000 nan
3509.000000 nan
3510.000000 nan
3511.000000 nan
3512.000000 nan
3513.000000 nan
3514.000000 nan
3515.000000 nan
3516.000000 nan
3517.000000 nan
3518.000000 nan
3519.000000 nan
3520.000000 nan
3521.000000 nan
3522.000000 nan
3523.000000 nan
3524.000000 nan
3525.000000 nan
3526.000000 nan
3527.000000 nan
3528.000000 nan
3529.000000 nan
3530.000000 nan
3531.000000 nan
3532.000000 nan
3533.000000 nan
3534.000000 nan
3535.000000 nan
3536.000000 nan
3537.000000 nan
3538.000000 nan
3539.000000 nan
3540.000000 nan
3541.000000 nan
3542.000000 nan
3543.000000 nan
3544.000000 nan
3545.000000 nan
3546.000000 nan
3547.000000 nan
3548.000000 nan
3549.000000 nan
3550.000000 nan
3551.000000 nan
3552.000000 nan
3553.000000 nan
3554.000000 nan
3555.000000 nan
3556.000000 nan
3557.000000 nan
3558.000000 nan
3559.000000 nan
3560.000000 nan
3561.000000 nan
3562.000000 nan
3563.000000 nan
3564.000000 nan
3565.000000 nan
3566.000000 nan
3567.000000 nan
3568.000000 nan
3569.000000 nan
3570.000000 nan
3571.000000 nan
3572.000000 nan
3573.000000 nan
3574.000000 nan
3575.000000 nan
3576.000000 nan
3577.000000 nan
3578.000000 nan
3579.000000 nan
3580.000000 nan
3581.000000 nan
3582.000000 nan
3583.000000 nan
3584.000000 nan
3585.000000 nan
3586.000000 nan
3587.000000 nan
3588.000000 nan
3589.000000 nan
3590.000000 nan
3591.000000 nan
3592.000000 nan
3593.000000 nan
3594.000000 nan
3595.000000 nan
3596.000000 nan
3597.000000 nan
3598.000000 nan
3599.000000 nan
3600.000000 nan
