600.000000 0.174193
601.000000 0.390102
602.000000 0.431976
603.000000 -0.056140
604.000000 -0.250587
605.000000 0.702346
606.000000 0.073044
607.000000 0.184832
608.000000 0.274172
609.000000 -0.013020
610.000000 -0.199761
611.000000 0.007845
612.000000 -0.083652
613.000000 0.240230
614.000000 -0.068184
615.000000 -0.293375
616.000000 -0.149431
617.000000 0.030517
618.000000 0.036420
619.000000 -0.173452
620.000000 -0.002244
621.000000 -0.106004
622.000000 -0.156733
623.000000 0.027470
624.000000 -0.053380
625.000000 0.123215
626.000000 -0.012550
627.000000 -0.048370
628.000000 0.165606
629.000000 0.046776
630.000000 0.022761
631.000000 -0.099701
632.000000 -0.061378
633.000000 0.117504
634.000000 0.047078
635.000000 0.098126
636.000000 -0.012380
637.000000 0.057735
638.000000 0.017561
639.000000 0.005364
640.000000 -0.129318
641.000000 0.164486
642.000000 0.014268
643.000000 -0.066371
644.000000 -0.044431
645.000000 -0.031481
646.000000 0.053073
647.000000 0.040219
648.000000 0.132466
649.000000 0.069477
650.000000 -0.005785
651.000000 0.064343
652.000000 0.042487
653.000000 -0.014376
654.000000 -0.000281
655.000000 0.029879
656.000000 0.029804
657.000000 0.007755
658.000000 -0.050382
659.000000 -0.047923
660.000000 0.098053
661.000000 0.009410
662.000000 0.097744
663.000000 0.031971
664.000000 0.032904
665.000000 0.019024
666.000000 0.041737
667.000000 0.064616
668.000000 0.034320
669.000000 -0.032561
670.000000 0.079624
671.000000 0.056428
672.000000 0.032949
673.000000 0.036594
674.000000 0.006397
675.000000 0.011062
676.000000 -0.034358
677.000000 -0.070417
678.000000 0.121571
679.000000 -0.041703
680.000000 0.050429
681.000000 0.044497
682.000000 0.016152
683.000000 0.052158
684.000000 0.059761
685.000000 0.038270
686.000000 0.021893
687.000000 -0.019874
688.000000 -0.017078
689.000000 0.047348
690.000000 0.033959
691.000000 0.030756
692.000000 0.050487
693.000000 -0.009362
694.000000 0.023663
695.000000 0.055968
696.000000 0.053655
697.000000 0.007371
698.000000 0.005856
699.000000 0.052047
700.000000 0.020224
701.000000 0.011475
702.000000 0.051632
703.000000 0.027388
704.000000 0.031150
705.000000 0.002290
706.000000 -0.015112
707.000000 0.047844
708.000000 0.021355
709.000000 0.004440
710.000000 0.012842
711.000000 0.057467
712.000000 0.020639
713.000000 0.025449
714.000000 -0.001011
715.000000 0.050570
716.000000 0.017965
717.000000 0.039543
718.000000 0.010396
719.000000 0.013742
720.000000 0.011931
721.000000 0.012868
722.000000 0.027445
723.000000 0.033723
724.000000 0.015302
725.000000 -0.025714
726.000000 0.019626
727.000000 -0.006530
728.000000 0.057779
729.000000 -0.007687
730.000000 -0.009418
731.000000 0.008271
732.000000 0.007824
733.000000 0.015225
734.000000 0.058185
735.000000 0.047310
736.000000 0.002665
737.000000 0.029607
738.000000 0.045617
739.000000 0.045847
740.000000 0.032413
741.000000 0.003028
742.000000 0.022706
743.000000 0.010863
744.000000 0.023942
745.000000 0.062142
746.000000 0.009503
747.000000 0.014710
748.000000 0.034932
749.000000 0.014219
750.000000 0.044087
751.000000 0.001291
752.000000 0.052392
753.000000 0.030762
754.000000 0.060280
755.000000 0.053791
756.000000 0.030708
757.000000 0.028768
758.000000 0.015798
759.000000 0.029778
760.000000 0.051818
761.000000 0.024003
762.000000 0.021489
763.000000 0.055327
764.000000 0.054239
765.000000 0.031260
766.000000 0.047927
767.000000 0.038182
768.000000 0.034351
769.000000 0.061359
770.000000 0.038288
771.000000 0.054449
772.000000 0.019452
773.000000 0.035562
774.000000 0.050537
775.000000 0.048069
776.000000 0.066057
777.000000 0.032453
778.000000 0.043227
779.000000 0.063514
780.000000 0.035873
781.000000 0.061136
782.000000 0.026932
783.000000 0.058978
784.000000 0.032488
785.000000 0.046745
786.000000 0.042562
787.000000 0.062838
788.000000 0.050210
789.000000 0.032529
790.000000 0.057713
791.000000 0.048455
792.000000 0.056521
793.000000 0.032142
794.000000 0.052287
795.000000 0.066047
796.000000 0.048505
797.000000 0.055429
798.000000 0.037317
799.000000 0.052561
800.000000 0.040700
801.000000 0.037322
802.000000 0.052699
803.000000 0.037167
804.000000 0.049566
805.000000 0.058096
806.000000 0.044090
807.000000 0.035242
808.000000 0.058653
809.000000 0.047236
810.000000 0.052229
811.000000 0.052731
812.000000 0.042879
813.000000 0.046590
814.000000 0.045290
815.000000 0.064774
816.000000 0.067361
817.000000 0.032024
818.000000 0.053831
819.000000 0.042784
820.000000 0.056290
821.000000 0.056076
822.000000 0.066945
823.000000 0.050793
824.000000 0.064075
825.000000 0.067951
826.000000 0.065941
827.000000 0.068333
828.000000 0.065089
829.000000 0.059847
830.000000 0.053605
831.000000 0.075207
832.000000 0.062583
833.000000 0.079865
834.000000 0.074550
835.000000 0.073370
836.000000 0.077816
837.000000 0.063099
838.000000 0.088119
839.000000 0.093280
840.000000 0.079857
841.000000 0.082972
842.000000 0.073150
843.000000 0.103578
844.000000 0.087803
845.000000 0.101196
846.000000 0.093848
847.000000 0.098749
848.000000 0.112536
849.000000 0.101194
850.000000 0.116217
851.000000 0.120443
852.000000 0.105727
853.000000 0.110286
854.000000 0.110677
855.000000 0.123334
856.000000 0.119477
857.000000 0.136917
858.000000 0.129918
859.000000 0.137649
860.000000 0.145435
861.000000 0.133715
862.000000 0.144373
863.000000 0.150708
864.000000 0.163621
865.000000 0.174258
866.000000 0.165361
867.000000 0.148277
868.000000 0.173661
869.000000 0.188303
870.000000 0.181711
871.000000 0.185736
872.000000 0.184538
873.000000 0.182072
874.000000 0.201697
875.000000 0.213316
876.000000 0.221924
877.000000 0.216050
878.000000 0.220747
879.000000 0.225587
880.000000 0.232861
881.000000 0.235419
882.000000 0.249518
883.000000 0.245238
884.000000 0.254833
885.000000 0.259159
886.000000 0.276492
887.000000 0.286968
888.000000 0.282024
889.000000 0.290114
890.000000 0.304023
891.000000 0.312019
892.000000 0.338873
893.000000 0.344360
894.000000 0.332355
895.000000 0.332125
896.000000 0.354234
897.000000 0.373689
898.000000 0.369222
899.000000 0.395024
900.000000 0.381891
901.000000 0.403980
902.000000 0.422885
903.000000 0.416876
904.000000 0.444008
905.000000 0.421409
906.000000 0.447096
907.000000 0.468235
908.000000 0.467013
909.000000 0.462778
910.000000 0.508200
911.000000 0.513782
912.000000 0.517419
913.000000 0.536020
914.000000 0.546526
915.000000 0.541481
916.000000 0.531394
917.000000 0.556657
918.000000 0.602907
919.000000 0.601782
920.000000 0.600254
921.000000 0.627663
922.000000 0.620180
923.000000 0.629938
924.000000 0.646772
925.000000 0.674310
926.000000 0.668724
927.000000 0.674397
928.000000 0.655910
929.000000 0.716944
930.000000 0.709337
931.000000 0.700471
932.000000 0.726748
933.000000 0.729272
934.000000 0.721305
935.000000 0.717035
936.000000 0.744272
937.000000 0.761183
938.000000 0.748884
939.000000 0.747199
940.000000 0.769776
941.000000 0.801607
942.000000 0.782694
943.000000 0.791964
944.000000 0.799113
945.000000 0.797624
946.000000 0.789060
947.000000 0.801345
948.000000 0.811429
949.000000 0.792491
950.000000 0.782228
951.000000 0.790321
952.000000 0.807921
953.000000 0.801667
954.000000 0.782508
955.000000 0.792101
956.000000 0.783566
957.000000 0.797246
958.000000 0.796168
959.000000 0.761404
960.000000 0.780205
961.000000 0.781798
962.000000 0.785804
963.000000 0.805835
964.000000 0.809025
965.000000 0.822505
966.000000 0.828946
967.000000 0.856630
968.000000 0.840809
969.000000 0.867179
970.000000 0.874897
971.000000 0.917515
972.000000 0.916917
973.000000 0.915692
974.000000 0.965712
975.000000 0.992210
976.000000 1.017952
977.000000 1.030173
978.000000 0.981694
979.000000 0.991721
980.000000 1.001450
981.000000 1.015345
982.000000 1.003056
983.000000 1.021273
984.000000 1.038234
985.000000 1.043543
986.000000 1.061216
987.000000 1.078583
988.000000 1.082665
989.000000 1.083712
990.000000 1.064279
991.000000 1.045226
992.000000 1.053643
993.000000 1.059766
994.000000 1.039528
995.000000 1.017479
996.000000 0.996700
997.000000 1.007470
998.000000 1.008050
999.000000 1.011497
1000.000000 1.021201
1001.000000 1.011760
1002.000000 1.002116
1003.000000 0.977031
1004.000000 1.017091
1005.000000 1.040597
1006.000000 1.032413
1007.000000 1.036323
1008.000000 1.045533
1009.000000 1.043657
1010.000000 1.054219
1011.000000 1.063758
1012.000000 1.056145
1013.000000 1.077920
1014.000000 1.099250
1015.000000 1.106791
1016.000000 1.140266
1017.000000 1.125283
1018.000000 1.151171
1019.000000 1.163545
1020.000000 1.220249
1021.000000 1.228331
1022.000000 1.211051
1023.000000 1.272604
1024.000000 1.347875
1025.000000 1.371856
1026.000000 1.429802
1027.000000 1.456303
1028.000000 1.496662
1029.000000 1.534252
1030.000000 1.569487
1031.000000 1.583607
1032.000000 1.622169
1033.000000 1.590523
1034.000000 1.596081
1035.000000 1.603723
1036.000000 1.614283
1037.000000 1.602936
1038.000000 1.540757
1039.000000 1.470810
1040.000000 1.423529
1041.000000 1.402306
1042.000000 1.358641
1043.000000 1.343456
1044.000000 1.325851
1045.000000 1.303078
1046.000000 1.282516
1047.000000 1.272448
1048.000000 1.256765
1049.000000 1.265160
1050.000000 1.233819
1051.000000 1.249778
1052.000000 1.255399
1053.000000 1.208839
1054.000000 1.224577
1055.000000 1.232496
1056.000000 1.237615
1057.000000 1.242646
1058.000000 1.244256
1059.000000 1.252902
1060.000000 1.273487
1061.000000 1.270642
1062.000000 1.261833
1063.000000 1.260461
1064.000000 1.273626
1065.000000 1.267062
1066.000000 1.267708
1067.000000 1.264578
1068.000000 1.257875
1069.000000 1.288502
1070.000000 1.285351
1071.000000 1.289747
1072.000000 1.296034
1073.000000 1.290684
1074.000000 1.293809
1075.000000 1.272153
1076.000000 1.275798
1077.000000 1.257935
1078.000000 1.266666
1079.000000 1.267257
1080.000000 1.248887
1081.000000 1.237726
1082.000000 1.242107
1083.000000 1.241395
1084.000000 1.235650
1085.000000 1.234502
1086.000000 1.208774
1087.000000 1.214424
1088.000000 1.201860
1089.000000 1.186788
1090.000000 1.180452
1091.000000 1.182941
1092.000000 1.178680
1093.000000 1.159680
1094.000000 1.167122
1095.000000 1.160487
1096.000000 1.177004
1097.000000 1.169330
1098.000000 1.174878
1099.000000 1.163032
1100.000000 1.172120
1101.000000 1.181607
1102.000000 1.158887
1103.000000 1.165314
1104.000000 1.172460
1105.000000 1.177535
1106.000000 1.184008
1107.000000 1.182597
1108.000000 1.188361
1109.000000 1.201152
1110.000000 1.213453
1111.000000 1.216163
1112.000000 1.223330
1113.000000 1.233568
1114.000000 1.234605
1115.000000 1.237119
1116.000000 1.267553
1117.000000 1.263126
1118.000000 1.273363
1119.000000 1.271042
1120.000000 1.265689
1121.000000 1.273209
1122.000000 1.282971
1123.000000 1.283464
1124.000000 1.288918
1125.000000 1.273407
1126.000000 1.278001
1127.000000 1.276596
1128.000000 1.282109
1129.000000 1.267835
1130.000000 1.253035
1131.000000 1.254922
1132.000000 1.241545
1133.000000 1.242180
1134.000000 1.236469
1135.000000 1.243792
1136.000000 1.233454
1137.000000 1.231459
1138.000000 1.233150
1139.000000 1.256689
1140.000000 1.243100
1141.000000 1.242279
1142.000000 1.250219
1143.000000 1.241015
1144.000000 1.235657
1145.000000 1.249597
1146.000000 1.263323
1147.000000 1.262411
1148.000000 1.252531
1149.000000 1.271516
1150.000000 1.277886
1151.000000 1.278502
1152.000000 1.284940
1153.000000 1.282814
1154.000000 1.277252
1155.000000 1.299958
1156.000000 1.304064
1157.000000 1.328475
1158.000000 1.342857
1159.000000 1.333826
1160.000000 1.340087
1161.000000 1.355131
1162.000000 1.351574
1163.000000 1.367766
1164.000000 1.377701
1165.000000 1.400903
1166.000000 1.409861
1167.000000 1.429872
1168.000000 1.445745
1169.000000 1.455753
1170.000000 1.485165
1171.000000 1.506088
1172.000000 1.516276
1173.000000 1.534886
1174.000000 1.551958
1175.000000 1.560074
1176.000000 1.576482
1177.000000 1.606731
1178.000000 1.615319
1179.000000 1.585888
1180.000000 1.611579
1181.000000 1.651495
1182.000000 1.674889
1183.000000 1.676693
1184.000000 1.709740
1185.000000 1.737211
1186.000000 1.757815
1187.000000 1.791045
1188.000000 1.820735
1189.000000 1.862004
1190.000000 1.912112
1191.000000 1.962725
1192.000000 2.016285
1193.000000 2.070835
1194.000000 2.104770
1195.000000 2.170585
1196.000000 2.211622
1197.000000 2.278879
1198.000000 2.341119
1199.000000 2.389723
1200.000000 2.443311
1201.000000 2.542941
1202.000000 2.647242
1203.000000 2.782394
1204.000000 2.918439
1205.000000 3.009959
1206.000000 3.089754
1207.000000 3.210721
1208.000000 3.387275
1209.000000 3.621682
1210.000000 3.807627
1211.000000 4.045778
1212.000000 4.410037
1213.000000 5.010326
1214.000000 5.371416
1215.000000 5.469079
1216.000000 2.768144
1217.000000 2.580530
1218.000000 2.495032
1219.000000 2.369560
1220.000000 2.237239
1221.000000 2.146918
1222.000000 2.065016
1223.000000 2.001085
1224.000000 1.930092
1225.000000 1.869288
1226.000000 1.805549
1227.000000 1.770692
1228.000000 1.747056
1229.000000 1.719618
1230.000000 1.700548
1231.000000 1.684707
1232.000000 1.683933
1233.000000 1.674027
1234.000000 1.676844
1235.000000 1.687517
1236.000000 1.705494
1237.000000 1.705159
1238.000000 1.696021
1239.000000 1.689168
1240.000000 1.679973
1241.000000 1.657794
1242.000000 1.624033
1243.000000 1.575470
1244.000000 1.525842
1245.000000 1.481221
1246.000000 1.437322
1247.000000 1.395472
1248.000000 1.358353
1249.000000 1.334305
1250.000000 1.310216
1251.000000 1.284092
1252.000000 1.268025
1253.000000 1.257289
1254.000000 1.230520
1255.000000 1.227408
1256.000000 1.206703
1257.000000 1.202338
1258.000000 1.187313
1259.000000 1.182332
1260.000000 1.172142
1261.000000 1.165192
1262.000000 1.156247
1263.000000 1.148503
1264.000000 1.144902
1265.000000 1.133680
1266.000000 1.123555
1267.000000 1.108451
1268.000000 1.086630
1269.000000 1.078328
1270.000000 1.062212
1271.000000 1.055157
1272.000000 1.039940
1273.000000 1.038090
1274.000000 1.021385
1275.000000 1.018938
1276.000000 1.016080
1277.000000 1.005224
1278.000000 1.007695
1279.000000 0.996673
1280.000000 1.000958
1281.000000 0.995262
1282.000000 0.986802
1283.000000 0.991297
1284.000000 0.988973
1285.000000 0.985024
1286.000000 0.984041
1287.000000 0.979240
1288.000000 0.987019
1289.000000 0.985701
1290.000000 0.979342
1291.000000 0.989298
1292.000000 0.991018
1293.000000 0.992154
1294.000000 0.999801
1295.000000 1.001083
1296.000000 1.005180
1297.000000 1.020003
1298.000000 1.023420
1299.000000 1.033708
1300.000000 1.039590
1301.000000 1.047347
1302.000000 1.050488
1303.000000 1.060075
1304.000000 1.061541
1305.000000 1.062461
1306.000000 1.061929
1307.000000 1.056241
1308.000000 1.043312
1309.000000 1.046338
1310.000000 1.030076
1311.000000 1.023751
1312.000000 1.014065
1313.000000 0.992213
1314.000000 0.985719
1315.000000 0.980195
1316.000000 0.970904
1317.000000 0.959098
1318.000000 0.956999
1319.000000 0.953445
1320.000000 0.948257
1321.000000 0.952081
1322.000000 0.949771
1323.000000 0.949490
1324.000000 0.946392
1325.000000 0.948909
1326.000000 0.953170
1327.000000 0.954211
1328.000000 0.951344
1329.000000 0.961917
1330.000000 0.975825
1331.000000 0.981989
1332.000000 0.990007
1333.000000 0.992840
1334.000000 0.993158
1335.000000 0.987797
1336.000000 0.991985
1337.000000 0.996228
1338.000000 0.990867
1339.000000 0.975057
1340.000000 0.967967
1341.000000 0.968345
1342.000000 0.967663
1343.000000 0.961025
1344.000000 0.958891
1345.000000 0.957761
1346.000000 0.953322
1347.000000 0.946772
1348.000000 0.946819
1349.000000 0.945094
1350.000000 0.948340
1351.000000 0.944840
1352.000000 0.932785
1353.000000 0.935888
1354.000000 0.937415
1355.000000 0.938954
1356.000000 0.936818
1357.000000 0.929212
1358.000000 0.939151
1359.000000 0.941411
1360.000000 0.941713
1361.000000 0.945209
1362.000000 0.939924
1363.000000 0.943115
1364.000000 0.945396
1365.000000 0.948258
1366.000000 0.947275
1367.000000 0.947476
1368.000000 0.943687
1369.000000 0.944991
1370.000000 0.950890
1371.000000 0.956888
1372.000000 0.954992
1373.000000 0.958337
1374.000000 0.965614
1375.000000 0.960007
1376.000000 0.968030
1377.000000 0.972374
1378.000000 0.977149
1379.000000 0.984303
1380.000000 0.980235
1381.000000 0.992286
1382.000000 0.996087
1383.000000 1.013113
1384.000000 1.022760
1385.000000 1.029496
1386.000000 1.037344
1387.000000 1.049842
1388.000000 1.062784
1389.000000 1.082266
1390.000000 1.097243
1391.000000 1.108666
1392.000000 1.113224
1393.000000 1.113847
1394.000000 1.128690
1395.000000 1.121591
1396.000000 1.126406
1397.000000 1.131660
1398.000000 1.132229
1399.000000 1.133420
1400.000000 1.143154
1401.000000 1.138297
1402.000000 1.133309
1403.000000 1.122595
1404.000000 1.107392
1405.000000 1.090383
1406.000000 1.073989
1407.000000 1.065077
1408.000000 1.043596
1409.000000 1.028116
1410.000000 1.019646
1411.000000 1.008216
1412.000000 0.996400
1413.000000 0.990092
1414.000000 0.976925
1415.000000 0.967922
1416.000000 0.966429
1417.000000 0.961670
1418.000000 0.946476
1419.000000 0.942425
1420.000000 0.936955
1421.000000 0.937294
1422.000000 0.932579
1423.000000 0.928861
1424.000000 0.925031
1425.000000 0.917126
1426.000000 0.914524
1427.000000 0.914951
1428.000000 0.907332
1429.000000 0.900145
1430.000000 0.898836
1431.000000 0.899690
1432.000000 0.889583
1433.000000 0.891037
1434.000000 0.889520
1435.000000 0.886167
1436.000000 0.887036
1437.000000 0.884916
1438.000000 0.882828
1439.000000 0.878456
1440.000000 0.880913
1441.000000 0.872375
1442.000000 0.870312
1443.000000 0.876000
1444.000000 0.871757
1445.000000 0.871210
1446.000000 0.864760
1447.000000 0.865130
1448.000000 0.866232
1449.000000 0.861010
1450.000000 0.863257
1451.000000 0.863841
1452.000000 0.866831
1453.000000 0.863891
1454.000000 0.863548
1455.000000 0.863726
1456.000000 0.865780
1457.000000 0.863365
1458.000000 0.866749
1459.000000 0.864115
1460.000000 0.866159
1461.000000 0.863353
1462.000000 0.865814
1463.000000 0.864314
1464.000000 0.860192
1465.000000 0.864425
1466.000000 0.868342
1467.000000 0.867507
1468.000000 0.871226
1469.000000 0.868621
1470.000000 0.868801
1471.000000 0.871718
1472.000000 0.868303
1473.000000 0.874226
1474.000000 0.872858
1475.000000 0.872086
1476.000000 0.875033
1477.000000 0.881758
1478.000000 0.885596
1479.000000 0.885490
1480.000000 0.890281
1481.000000 0.897656
1482.000000 0.897154
1483.000000 0.897252
1484.000000 0.899946
1485.000000 0.903415
1486.000000 0.901469
1487.000000 0.899536
1488.000000 0.898964
1489.000000 0.904483
1490.000000 0.902837
1491.000000 0.903156
1492.000000 0.903679
1493.000000 0.903079
1494.000000 0.902185
1495.000000 0.903829
1496.000000 0.909912
1497.000000 0.910999
1498.000000 0.911014
1499.000000 0.919561
1500.000000 0.914575
1501.000000 0.918868
1502.000000 0.918100
1503.000000 0.920700
1504.000000 0.928578
1505.000000 0.926330
1506.000000 0.934754
1507.000000 0.935028
1508.000000 0.937741
1509.000000 0.937381
1510.000000 0.947265
1511.000000 0.945752
1512.000000 0.953738
1513.000000 0.965451
1514.000000 0.973396
1515.000000 0.975739
1516.000000 0.988700
1517.000000 0.995636
1518.000000 1.005572
1519.000000 1.019552
1520.000000 1.030255
1521.000000 1.047049
1522.000000 1.056810
1523.000000 1.072705
1524.000000 1.088105
1525.000000 1.103031
1526.000000 1.122210
1527.000000 1.133455
1528.000000 1.148998
1529.000000 1.163608
1530.000000 1.190154
1531.000000 1.215836
1532.000000 1.232932
1533.000000 1.250495
1534.000000 1.279116
1535.000000 1.299979
1536.000000 1.330051
1537.000000 1.359463
1538.000000 1.384869
1539.000000 1.419737
1540.000000 1.453959
1541.000000 1.495331
1542.000000 1.530422
1543.000000 1.564802
1544.000000 1.604406
1545.000000 1.650884
1546.000000 1.689357
1547.000000 1.704997
1548.000000 1.701612
1549.000000 1.682440
1550.000000 1.642212
1551.000000 1.596946
1552.000000 1.543642
1553.000000 1.477874
1554.000000 1.432987
1555.000000 1.383869
1556.000000 1.357727
1557.000000 1.317365
1558.000000 1.282404
1559.000000 1.250830
1560.000000 1.222268
1561.000000 1.197394
1562.000000 1.177446
1563.000000 1.143660
1564.000000 1.131687
1565.000000 1.115658
1566.000000 1.101982
1567.000000 1.087127
1568.000000 1.075616
1569.000000 1.062018
1570.000000 1.050551
1571.000000 1.041351
1572.000000 1.028316
1573.000000 1.015091
1574.000000 1.003800
1575.000000 0.995097
1576.000000 0.977095
1577.000000 0.975765
1578.000000 0.975902
1579.000000 0.967352
1580.000000 0.957513
1581.000000 0.948541
1582.000000 0.947435
1583.000000 0.946638
1584.000000 0.936940
1585.000000 0.933018
1586.000000 0.926526
1587.000000 0.925363
1588.000000 0.920443
1589.000000 0.916201
1590.000000 0.916178
1591.000000 0.914106
1592.000000 0.902501
1593.000000 0.905322
1594.000000 0.905152
1595.000000 0.898806
1596.000000 0.900762
1597.000000 0.902186
1598.000000 0.899148
1599.000000 0.902722
1600.000000 0.898604
1601.000000 0.900025
1602.000000 0.896204
1603.000000 0.897181
1604.000000 0.896440
1605.000000 0.900589
1606.000000 0.898391
1607.000000 0.892210
1608.000000 0.890597
1609.000000 0.882835
1610.000000 0.882000
1611.000000 0.890529
1612.000000 0.886825
1613.000000 0.883452
1614.000000 0.880570
1615.000000 0.886177
1616.000000 0.885070
1617.000000 0.890031
1618.000000 0.886264
1619.000000 0.891568
1620.000000 0.887272
1621.000000 0.891005
1622.000000 0.885558
1623.000000 0.884768
1624.000000 0.889623
1625.000000 0.887525
1626.000000 0.888600
1627.000000 0.893088
1628.000000 0.887238
1629.000000 0.893491
1630.000000 0.894545
1631.000000 0.895446
1632.000000 0.901739
1633.000000 0.907224
1634.000000 0.905027
1635.000000 0.919421
1636.000000 0.923152
1637.000000 0.924571
1638.000000 0.930776
1639.000000 0.929029
1640.000000 0.921375
1641.000000 0.910536
1642.000000 0.899802
1643.000000 0.887195
1644.000000 0.887206
1645.000000 0.876979
1646.000000 0.864169
1647.000000 0.870319
1648.000000 0.863982
1649.000000 0.864258
1650.000000 0.862305
1651.000000 0.860582
1652.000000 0.862380
1653.000000 0.860497
1654.000000 0.859501
1655.000000 0.861338
1656.000000 0.863711
1657.000000 0.864605
1658.000000 0.865909
1659.000000 0.866793
1660.000000 0.871972
1661.000000 0.873450
1662.000000 0.865258
1663.000000 0.862967
1664.000000 0.859324
1665.000000 0.858408
1666.000000 0.861726
1667.000000 0.851219
1668.000000 0.845518
1669.000000 0.837513
1670.000000 0.835882
1671.000000 0.827928
1672.000000 0.819842
1673.000000 0.822303
1674.000000 0.812829
1675.000000 0.805288
1676.000000 0.805700
1677.000000 0.795328
1678.000000 0.795506
1679.000000 0.787811
1680.000000 0.784944
1681.000000 0.785363
1682.000000 0.773351
1683.000000 0.775319
1684.000000 0.772234
1685.000000 0.775364
1686.000000 0.770557
1687.000000 0.773501
1688.000000 0.771178
1689.000000 0.760549
1690.000000 0.765141
1691.000000 0.756341
1692.000000 0.761070
1693.000000 0.759087
1694.000000 0.760619
1695.000000 0.757379
1696.000000 0.753202
1697.000000 0.757112
1698.000000 0.755339
1699.000000 0.750941
1700.000000 0.748461
1701.000000 0.755710
1702.000000 0.755114
1703.000000 0.756213
1704.000000 0.750480
1705.000000 0.748338
1706.000000 0.754591
1707.000000 0.753722
1708.000000 0.764149
1709.000000 0.757074
1710.000000 0.763196
1711.000000 0.756545
1712.000000 0.756599
1713.000000 0.756889
1714.000000 0.763046
1715.000000 0.761726
1716.000000 0.760290
1717.000000 0.762981
1718.000000 0.764574
1719.000000 0.762184
1720.000000 0.761136
1721.000000 0.760814
1722.000000 0.761274
1723.000000 0.760846
1724.000000 0.763629
1725.000000 0.763109
1726.000000 0.763824
1727.000000 0.759743
1728.000000 0.754903
1729.000000 0.758831
1730.000000 0.755914
1731.000000 0.770846
1732.000000 0.758580
1733.000000 0.762403
1734.000000 0.757887
1735.000000 0.766544
1736.000000 0.759781
1737.000000 0.768448
1738.000000 0.758938
1739.000000 0.768502
1740.000000 0.765622
1741.000000 0.779549
1742.000000 0.772038
1743.000000 0.785940
1744.000000 0.768618
1745.000000 0.779598
1746.000000 0.775823
1747.000000 0.779991
1748.000000 0.779580
1749.000000 0.777594
1750.000000 0.773192
1751.000000 0.778277
1752.000000 0.775130
1753.000000 0.774385
1754.000000 0.767719
1755.000000 0.761405
1756.000000 0.756615
1757.000000 0.751202
1758.000000 0.750237
1759.000000 0.746035
1760.000000 0.748804
1761.000000 0.743490
1762.000000 0.739747
1763.000000 0.734050
1764.000000 0.736994
1765.000000 0.727800
1766.000000 0.728383
1767.000000 0.730267
1768.000000 0.734743
1769.000000 0.736092
1770.000000 0.740310
1771.000000 0.731885
1772.000000 0.734819
1773.000000 0.729682
1774.000000 0.731281
1775.000000 0.735195
1776.000000 0.730033
1777.000000 0.736970
1778.000000 0.736814
1779.000000 0.733024
1780.000000 0.723928
1781.000000 0.726035
1782.000000 0.732400
1783.000000 0.732089
1784.000000 0.741716
1785.000000 0.735892
1786.000000 0.738528
1787.000000 0.742371
1788.000000 0.733008
1789.000000 0.732718
1790.000000 0.731473
1791.000000 0.733745
1792.000000 0.727936
1793.000000 0.721698
1794.000000 0.722333
1795.000000 0.714028
1796.000000 0.717137
1797.000000 0.718040
1798.000000 0.719408
1799.000000 0.723252
1800.000000 0.714628
1801.000000 0.711455
1802.000000 0.711962
1803.000000 0.717933
1804.000000 0.719189
1805.000000 0.721666
1806.000000 0.714706
1807.000000 0.722805
1808.000000 0.720433
1809.000000 0.719755
1810.000000 0.718869
1811.000000 0.715314
1812.000000 0.725395
1813.000000 0.727712
1814.000000 0.720132
1815.000000 0.727699
1816.000000 0.721689
1817.000000 0.721546
1818.000000 0.715175
1819.000000 0.718021
1820.000000 0.712225
1821.000000 0.717730
1822.000000 0.716777
1823.000000 0.719457
1824.000000 0.719621
1825.000000 0.717357
1826.000000 0.718367
1827.000000 0.710240
1828.000000 0.713005
1829.000000 0.710369
1830.000000 0.709400
1831.000000 0.707701
1832.000000 0.712993
1833.000000 0.716720
1834.000000 0.719710
1835.000000 0.719016
1836.000000 0.720447
1837.000000 0.717818
1838.000000 0.713986
1839.000000 0.721882
1840.000000 0.722163
1841.000000 0.730390
1842.000000 0.736876
1843.000000 0.737170
1844.000000 0.742962
1845.000000 0.738935
1846.000000 0.744858
1847.000000 0.750261
1848.000000 0.749375
1849.000000 0.748976
1850.000000 0.754549
1851.000000 0.757017
1852.000000 0.761793
1853.000000 0.763555
1854.000000 0.765774
1855.000000 0.769171
1856.000000 0.771726
1857.000000 0.773080
1858.000000 0.776110
1859.000000 0.774187
1860.000000 0.776339
1861.000000 0.773006
1862.000000 0.770867
1863.000000 0.779967
1864.000000 0.770017
1865.000000 0.776273
1866.000000 0.773010
1867.000000 0.771896
1868.000000 0.771861
1869.000000 0.775971
1870.000000 0.778986
1871.000000 0.775785
1872.000000 0.784443
1873.000000 0.773860
1874.000000 0.780054
1875.000000 0.785549
1876.000000 0.784306
1877.000000 0.787022
1878.000000 0.784405
1879.000000 0.793503
1880.000000 0.799273
1881.000000 0.817555
1882.000000 0.813761
1883.000000 0.817538
1884.000000 0.828449
1885.000000 0.836079
1886.000000 0.839050
1887.000000 0.853715
1888.000000 0.862243
1889.000000 0.864503
1890.000000 0.876107
1891.000000 0.887196
1892.000000 0.897696
1893.000000 0.912670
1894.000000 0.918629
1895.000000 0.918784
1896.000000 0.921576
1897.000000 0.918833
1898.000000 0.923662
1899.000000 0.937969
1900.000000 0.946211
1901.000000 0.962419
1902.000000 0.969445
1903.000000 0.978510
1904.000000 0.991963
1905.000000 1.001999
1906.000000 1.010230
1907.000000 1.005750
1908.000000 0.996816
1909.000000 0.995336
1910.000000 0.980141
1911.000000 0.967990
1912.000000 0.955690
1913.000000 0.943973
1914.000000 0.926214
1915.000000 0.908532
1916.000000 0.898934
1917.000000 0.886430
1918.000000 0.876153
1919.000000 0.858062
1920.000000 0.845166
1921.000000 0.839430
1922.000000 0.837349
1923.000000 0.827620
1924.000000 0.815488
1925.000000 0.801642
1926.000000 0.790687
1927.000000 0.781736
1928.000000 0.781919
1929.000000 0.773318
1930.000000 0.764315
1931.000000 0.758719
1932.000000 0.759621
1933.000000 0.748500
1934.000000 0.739033
1935.000000 0.734392
1936.000000 0.740009
1937.000000 0.727331
1938.000000 0.717749
1939.000000 0.716295
1940.000000 0.717770
1941.000000 0.712138
1942.000000 0.712068
1943.000000 0.704048
1944.000000 0.707535
1945.000000 0.701114
1946.000000 0.705010
1947.000000 0.692873
1948.000000 0.698200
1949.000000 0.697792
1950.000000 0.688934
1951.000000 0.694463
1952.000000 0.694672
1953.000000 0.686043
1954.000000 0.686692
1955.000000 0.684546
1956.000000 0.686724
1957.000000 0.681880
1958.000000 0.674740
1959.000000 0.675521
1960.000000 0.681209
1961.000000 0.670361
1962.000000 0.673421
1963.000000 0.666445
1964.000000 0.664353
1965.000000 0.655264
1966.000000 0.662939
1967.000000 0.663603
1968.000000 0.668068
1969.000000 0.662495
1970.000000 0.663741
1971.000000 0.662892
1972.000000 0.657902
1973.000000 0.650574
1974.000000 0.657839
1975.000000 0.649997
1976.000000 0.656536
1977.000000 0.657919
1978.000000 0.653097
1979.000000 0.657605
1980.000000 0.657988
1981.000000 0.661810
1982.000000 0.656969
1983.000000 0.660106
1984.000000 0.660007
1985.000000 0.650070
1986.000000 0.652145
1987.000000 0.650972
1988.000000 0.651047
1989.000000 0.651659
1990.000000 0.651960
1991.000000 0.646336
1992.000000 0.647404
1993.000000 0.653125
1994.000000 0.650360
1995.000000 0.653099
1996.000000 0.650158
1997.000000 0.653545
1998.000000 0.656800
1999.000000 0.655974
2000.000000 0.648014
2001.000000 0.650025
2002.000000 0.650870
2003.000000 0.652114
2004.000000 0.647833
2005.000000 0.647609
2006.000000 0.645972
2007.000000 0.650263
2008.000000 0.643249
2009.000000 0.648063
2010.000000 0.651781
2011.000000 0.651011
2012.000000 0.642049
2013.000000 0.639598
2014.000000 0.642054
2015.000000 0.639669
2016.000000 0.639648
2017.000000 0.631722
2018.000000 0.639903
2019.000000 0.632798
2020.000000 0.641999
2021.000000 0.645057
2022.000000 0.638310
2023.000000 0.643393
2024.000000 0.649457
2025.000000 0.640414
2026.000000 0.639413
2027.000000 0.622829
2028.000000 0.629589
2029.000000 0.636839
2030.000000 0.639588
2031.000000 0.634727
2032.000000 0.637359
2033.000000 0.640919
2034.000000 0.638357
2035.000000 0.637759
2036.000000 0.640307
2037.000000 0.639363
2038.000000 0.632910
2039.000000 0.638954
2040.000000 0.634292
2041.000000 0.640027
2042.000000 0.636858
2043.000000 0.636208
2044.000000 0.643017
2045.000000 0.641535
2046.000000 0.637046
2047.000000 0.643788
2048.000000 0.636086
2049.000000 0.644052
2050.000000 0.638008
2051.000000 0.634590
2052.000000 0.641905
2053.000000 0.640103
2054.000000 0.641328
2055.000000 0.647059
2056.000000 0.640488
2057.000000 0.644500
2058.000000 0.655618
2059.000000 0.652900
2060.000000 0.650983
2061.000000 0.658865
2062.000000 0.657964
2063.000000 0.660449
2064.000000 0.658185
2065.000000 0.662011
2066.000000 0.655151
2067.000000 0.659362
2068.000000 0.659651
2069.000000 0.664800
2070.000000 0.665528
2071.000000 0.662795
2072.000000 0.662260
2073.000000 0.670907
2074.000000 0.656298
2075.000000 0.660949
2076.000000 0.659438
2077.000000 0.655314
2078.000000 0.661630
2079.000000 0.650959
2080.000000 0.653462
2081.000000 0.659855
2082.000000 0.648490
2083.000000 0.651121
2084.000000 0.653123
2085.000000 0.651698
2086.000000 0.660713
2087.000000 0.655657
2088.000000 0.654144
2089.000000 0.658272
2090.000000 0.652169
2091.000000 0.644046
2092.000000 0.645447
2093.000000 0.641469
2094.000000 0.640967
2095.000000 0.643403
2096.000000 0.643544
2097.000000 0.643308
2098.000000 0.643729
2099.000000 0.649166
2100.000000 0.644060
2101.000000 0.638451
2102.000000 0.637052
2103.000000 0.641839
2104.000000 0.634008
2105.000000 0.633140
2106.000000 0.628178
2107.000000 0.631475
2108.000000 0.627781
2109.000000 0.626892
2110.000000 0.618611
2111.000000 0.626925
2112.000000 0.628783
2113.000000 0.625871
2114.000000 0.623656
2115.000000 0.619138
2116.000000 0.620396
2117.000000 0.612009
2118.000000 0.611741
2119.000000 0.615976
2120.000000 0.613049
2121.000000 0.610751
2122.000000 0.609731
2123.000000 0.606855
2124.000000 0.607660
2125.000000 0.608962
2126.000000 0.605483
2127.000000 0.600512
2128.000000 0.606274
2129.000000 0.611346
2130.000000 0.608485
2131.000000 0.605683
2132.000000 0.608841
2133.000000 0.606916
2134.000000 0.605005
2135.000000 0.597221
2136.000000 0.596852
2137.000000 0.599328
2138.000000 0.600333
2139.000000 0.604404
2140.000000 0.605668
2141.000000 0.608896
2142.000000 0.605035
2143.000000 0.602223
2144.000000 0.599633
2145.000000 0.593468
2146.000000 0.595885
2147.000000 0.599188
2148.000000 0.592704
2149.000000 0.593854
2150.000000 0.591153
2151.000000 0.593064
2152.000000 0.588171
2153.000000 0.592300
2154.000000 0.590757
2155.000000 0.590764
2156.000000 0.592573
2157.000000 0.590698
2158.000000 0.587768
2159.000000 0.587408
2160.000000 0.582582
2161.000000 0.580235
2162.000000 0.579158
2163.000000 0.585641
2164.000000 0.584273
2165.000000 0.586242
2166.000000 0.587982
2167.000000 0.592361
2168.000000 0.595787
2169.000000 0.591426
2170.000000 0.586315
2171.000000 0.589142
2172.000000 0.580974
2173.000000 0.580339
2174.000000 0.587457
2175.000000 0.580579
2176.000000 0.583090
2177.000000 0.587591
2178.000000 0.586734
2179.000000 0.581866
2180.000000 0.579291
2181.000000 0.583764
2182.000000 0.588803
2183.000000 0.579598
2184.000000 0.588922
2185.000000 0.585364
2186.000000 0.582377
2187.000000 0.575301
2188.000000 0.580859
2189.000000 0.577508
2190.000000 0.574445
2191.000000 0.580230
2192.000000 0.571242
2193.000000 0.568428
2194.000000 0.579388
2195.000000 0.574017
2196.000000 0.563411
2197.000000 0.574462
2198.000000 0.573724
2199.000000 0.562512
2200.000000 0.571138
2201.000000 0.572939
2202.000000 0.559390
2203.000000 0.571582
2204.000000 0.580140
2205.000000 0.571897
2206.000000 0.564889
2207.000000 0.567842
2208.000000 0.561777
2209.000000 0.561455
2210.000000 0.566674
2211.000000 0.565275
2212.000000 0.567757
2213.000000 0.572058
2214.000000 0.576866
2215.000000 0.567850
2216.000000 0.567180
2217.000000 0.577810
2218.000000 0.562856
2219.000000 0.564166
2220.000000 0.569555
2221.000000 0.574388
2222.000000 0.571203
2223.000000 0.572796
2224.000000 0.573672
2225.000000 0.576372
2226.000000 0.575100
2227.000000 0.568600
2228.000000 0.557050
2229.000000 0.569649
2230.000000 0.564947
2231.000000 0.561596
2232.000000 0.562105
2233.000000 0.561384
2234.000000 0.565902
2235.000000 0.560151
2236.000000 0.550102
2237.000000 0.544452
2238.000000 0.559014
2239.000000 0.558905
2240.000000 0.563101
2241.000000 0.554677
2242.000000 0.561721
2243.000000 0.561476
2244.000000 0.554166
2245.000000 0.540720
2246.000000 0.543625
2247.000000 0.554046
2248.000000 0.559375
2249.000000 0.550794
2250.000000 0.551891
2251.000000 0.557297
2252.000000 0.563777
2253.000000 0.553658
2254.000000 0.561713
2255.000000 0.557624
2256.000000 0.559682
2257.000000 0.556900
2258.000000 0.566031
2259.000000 0.555081
2260.000000 0.568146
2261.000000 0.569587
2262.000000 0.561903
2263.000000 0.566800
2264.000000 0.564992
2265.000000 0.564626
2266.000000 0.564756
2267.000000 0.560847
2268.000000 0.558398
2269.000000 0.567711
2270.000000 0.572738
2271.000000 0.563207
2272.000000 0.571976
2273.000000 0.566279
2274.000000 0.567841
2275.000000 0.575107
2276.000000 0.577276
2277.000000 0.562051
2278.000000 0.562602
2279.000000 0.570396
2280.000000 0.571703
2281.000000 0.569144
2282.000000 0.570237
2283.000000 0.586657
2284.000000 0.577337
2285.000000 0.582848
2286.000000 0.574894
2287.000000 0.572520
2288.000000 0.572941
2289.000000 0.570817
2290.000000 0.576574
2291.000000 0.565140
2292.000000 0.574689
2293.000000 0.583038
2294.000000 0.580004
2295.000000 0.587671
2296.000000 0.589750
2297.000000 0.588569
2298.000000 0.592256
2299.000000 0.584659
2300.000000 0.586962
2301.000000 0.571088
2302.000000 0.581673
2303.000000 0.580968
2304.000000 0.592192
2305.000000 0.587767
2306.000000 0.581836
2307.000000 0.584368
2308.000000 0.586014
2309.000000 0.587414
2310.000000 0.574862
2311.000000 0.578806
2312.000000 0.579469
2313.000000 0.581236
2314.000000 0.587278
2315.000000 0.587468
2316.000000 0.578482
2317.000000 0.585910
2318.000000 0.587914
2319.000000 0.592793
2320.000000 0.586595
2321.000000 0.601547
2322.000000 0.594279
2323.000000 0.584564
2324.000000 0.592166
2325.000000 0.596875
2326.000000 0.592242
2327.000000 0.602224
2328.000000 0.602603
2329.000000 0.598079
2330.000000 0.605341
2331.000000 0.600207
2332.000000 0.604551
2333.000000 0.598019
2334.000000 0.593015
2335.000000 0.583420
2336.000000 0.579011
2337.000000 0.578845
2338.000000 0.577991
2339.000000 0.584659
2340.000000 0.568462
2341.000000 0.565042
2342.000000 0.575011
2343.000000 0.583275
2344.000000 0.582481
2345.000000 0.575435
2346.000000 0.580602
2347.000000 0.576638
2348.000000 0.582825
2349.000000 0.572556
2350.000000 0.571753
2351.000000 0.576654
2352.000000 0.570417
2353.000000 0.568348
2354.000000 0.572736
2355.000000 0.571586
2356.000000 0.574381
2357.000000 0.578290
2358.000000 0.572578
2359.000000 0.578899
2360.000000 0.569385
2361.000000 0.571395
2362.000000 0.572736
2363.000000 0.570954
2364.000000 0.565420
2365.000000 0.574420
2366.000000 0.564981
2367.000000 0.566946
2368.000000 0.564030
2369.000000 0.561636
2370.000000 0.559480
2371.000000 0.577358
2372.000000 0.562177
2373.000000 0.560947
2374.000000 0.561722
2375.000000 0.557503
2376.000000 0.563536
2377.000000 0.563181
2378.000000 0.568555
2379.000000 0.566468
2380.000000 0.565395
2381.000000 0.563381
2382.000000 0.558754
2383.000000 0.553190
2384.000000 0.552360
2385.000000 0.557044
2386.000000 0.559424
2387.000000 0.566190
2388.000000 0.568579
2389.000000 0.563946
2390.000000 0.565765
2391.000000 0.559958
2392.000000 0.556451
2393.000000 0.555916
2394.000000 0.552352
2395.000000 0.548071
2396.000000 0.561223
2397.000000 0.559448
2398.000000 0.547882
2399.000000 0.565325
2400.000000 0.551512
2401.000000 0.559268
2402.000000 0.558765
2403.000000 0.558614
2404.000000 0.555356
2405.000000 0.549788
2406.000000 0.550216
2407.000000 0.567581
2408.000000 0.568799
2409.000000 0.561699
2410.000000 0.558565
2411.000000 0.554390
2412.000000 0.553446
2413.000000 0.560478
2414.000000 0.562026
2415.000000 0.558187
2416.000000 0.554885
2417.000000 0.574789
2418.000000 0.584580
2419.000000 0.571724
2420.000000 0.573882
2421.000000 0.577146
2422.000000 0.585879
2423.000000 0.578541
2424.000000 0.575628
2425.000000 0.565244
2426.000000 0.570895
2427.000000 0.573837
2428.000000 0.580004
2429.000000 0.566461
2430.000000 0.556906
2431.000000 0.569452
2432.000000 0.573938
2433.000000 0.568961
2434.000000 0.574677
2435.000000 0.561841
2436.000000 0.560295
2437.000000 0.571598
2438.000000 0.586036
2439.000000 0.569165
2440.000000 0.568528
2441.000000 0.576823
2442.000000 0.578439
2443.000000 0.565708
2444.000000 0.556558
2445.000000 0.549855
2446.000000 0.553127
2447.000000 0.566602
2448.000000 0.547807
2449.000000 0.549292
2450.000000 0.561367
2451.000000 0.567753
2452.000000 0.571052
2453.000000 0.564020
2454.000000 0.555906
2455.000000 0.554601
2456.000000 0.573076
2457.000000 0.559818
2458.000000 0.546328
2459.000000 0.553863
2460.000000 0.564824
2461.000000 0.565014
2462.000000 0.569154
2463.000000 0.564351
2464.000000 0.548918
2465.000000 0.563229
2466.000000 0.574509
2467.000000 0.577203
2468.000000 0.573047
2469.000000 0.567838
2470.000000 0.571430
2471.000000 0.583569
2472.000000 0.570694
2473.000000 0.568836
2474.000000 0.565559
2475.000000 0.562919
2476.000000 0.558320
2477.000000 0.559545
2478.000000 0.560946
2479.000000 0.557003
2480.000000 0.554038
2481.000000 0.562668
2482.000000 0.572153
2483.000000 0.572691
2484.000000 0.564232
2485.000000 0.562982
2486.000000 0.562061
2487.000000 0.570443
2488.000000 0.559888
2489.000000 0.572645
2490.000000 0.566089
2491.000000 0.559399
2492.000000 0.558244
2493.000000 0.558276
2494.000000 0.558197
2495.000000 0.555383
2496.000000 0.558268
2497.000000 0.560653
2498.000000 0.567006
2499.000000 0.568098
2500.000000 0.573390
2501.000000 0.570986
2502.000000 0.564702
2503.000000 0.567219
2504.000000 0.567968
2505.000000 0.557947
2506.000000 0.555927
2507.000000 0.557213
2508.000000 0.557333
2509.000000 0.559147
2510.000000 0.561340
2511.000000 0.561740
2512.000000 0.557286
2513.000000 0.558143
2514.000000 0.554394
2515.000000 0.559503
2516.000000 0.558148
2517.000000 0.557829
2518.000000 0.548620
2519.000000 0.548722
2520.000000 0.556487
2521.000000 0.550841
2522.000000 0.546107
2523.000000 0.538107
2524.000000 0.552136
2525.000000 0.560082
2526.000000 0.553654
2527.000000 0.550150
2528.000000 0.551717
2529.000000 0.552449
2530.000000 0.542928
2531.000000 0.551254
2532.000000 0.548889
2533.000000 0.556962
2534.000000 0.546693
2535.000000 0.548179
2536.000000 0.547240
2537.000000 0.549339
2538.000000 0.544533
2539.000000 0.544724
2540.000000 0.550515
2541.000000 0.547674
2542.000000 0.550068
2543.000000 0.545200
2544.000000 0.548538
2545.000000 0.547291
2546.000000 0.548539
2547.000000 0.551224
2548.000000 0.543688
2549.000000 0.538269
2550.000000 0.540149
2551.000000 0.539549
2552.000000 0.537737
2553.000000 0.536503
2554.000000 0.534741
2555.000000 0.532250
2556.000000 0.531391
2557.000000 0.533199
2558.000000 0.533649
2559.000000 0.537621
2560.000000 0.537058
2561.000000 0.532521
2562.000000 0.545516
2563.000000 0.546412
2564.000000 0.539978
2565.000000 0.537882
2566.000000 0.543220
2567.000000 0.531834
2568.000000 0.537554
2569.000000 0.528807
2570.000000 0.530404
2571.000000 0.528835
2572.000000 0.533394
2573.000000 0.530483
2574.000000 0.530106
2575.000000 0.528239
2576.000000 0.520726
2577.000000 0.520074
2578.000000 0.516049
2579.000000 0.526689
2580.000000 0.521870
2581.000000 0.525066
2582.000000 0.522666
2583.000000 0.523908
2584.000000 0.514757
2585.000000 0.526850
2586.000000 0.517285
2587.000000 0.504090
2588.000000 0.501738
2589.000000 0.502571
2590.000000 0.509797
2591.000000 0.509582
2592.000000 0.508411
2593.000000 0.504210
2594.000000 0.513299
2595.000000 0.518342
2596.000000 0.505236
2597.000000 0.508765
2598.000000 0.521978
2599.000000 0.512825
2600.000000 0.516060
2601.000000 0.522218
2602.000000 0.511332
2603.000000 0.514389
2604.000000 0.522722
2605.000000 0.516202
2606.000000 0.520274
2607.000000 0.513346
2608.000000 0.511595
2609.000000 0.517036
2610.000000 0.525144
2611.000000 0.508883
2612.000000 0.512325
2613.000000 0.497310
2614.000000 0.503431
2615.000000 0.513282
2616.000000 0.511832
2617.000000 0.508632
2618.000000 0.515376
2619.000000 0.514391
2620.000000 0.517918
2621.000000 0.521541
2622.000000 0.509902
2623.000000 0.512077
2624.000000 0.507268
2625.000000 0.494600
2626.000000 0.509198
2627.000000 0.513891
2628.000000 0.505650
2629.000000 0.487300
2630.000000 0.490613
2631.000000 0.505722
2632.000000 0.504842
2633.000000 0.502557
2634.000000 0.497578
2635.000000 0.506306
2636.000000 0.505110
2637.000000 0.507156
2638.000000 0.492919
2639.000000 0.488468
2640.000000 0.483599
2641.000000 0.492977
2642.000000 0.495670
2643.000000 0.489930
2644.000000 0.496597
2645.000000 0.488812
2646.000000 0.482154
2647.000000 0.488351
2648.000000 0.486141
2649.000000 0.478014
2650.000000 0.479854
2651.000000 0.473077
2652.000000 0.477165
2653.000000 0.481228
2654.000000 0.483822
2655.000000 0.484170
2656.000000 0.469702
2657.000000 0.474658
2658.000000 0.477280
2659.000000 0.485923
2660.000000 0.477293
2661.000000 0.466970
2662.000000 0.470048
2663.000000 0.479679
2664.000000 0.483359
2665.000000 0.480193
2666.000000 0.469945
2667.000000 0.479096
2668.000000 0.480086
2669.000000 0.479278
2670.000000 0.481662
2671.000000 0.482559
2672.000000 0.475427
2673.000000 0.473833
2674.000000 0.498160
2675.000000 0.494191
2676.000000 0.488226
2677.000000 0.482019
2678.000000 0.489838
2679.000000 0.493388
2680.000000 0.483152
2681.000000 0.487343
2682.000000 0.483378
2683.000000 0.486820
2684.000000 0.481755
2685.000000 0.486487
2686.000000 0.488412
2687.000000 0.483781
2688.000000 0.478780
2689.000000 0.477155
2690.000000 0.482612
2691.000000 0.474393
2692.000000 0.478719
2693.000000 0.488518
2694.000000 0.471759
2695.000000 0.473714
2696.000000 0.478752
2697.000000 0.481014
2698.000000 0.484492
2699.000000 0.474222
2700.000000 0.477369
2701.000000 0.479742
2702.000000 0.488443
2703.000000 0.489687
2704.000000 0.475551
2705.000000 0.485325
2706.000000 0.481577
2707.000000 0.492272
2708.000000 0.481981
2709.000000 0.474734
2710.000000 0.488959
2711.000000 0.479084
2712.000000 0.484589
2713.000000 0.474318
2714.000000 0.478087
2715.000000 0.492472
2716.000000 0.483308
2717.000000 0.482192
2718.000000 0.480258
2719.000000 0.488000
2720.000000 0.501164
2721.000000 0.507189
2722.000000 0.506584
2723.000000 0.502081
2724.000000 0.500863
2725.000000 0.505951
2726.000000 0.501343
2727.000000 0.489831
2728.000000 0.491467
2729.000000 0.492886
2730.000000 0.488807
2731.000000 0.494054
2732.000000 0.496182
2733.000000 0.506701
2734.000000 0.507558
2735.000000 0.496776
2736.000000 0.508440
2737.000000 0.506146
2738.000000 0.514695
2739.000000 0.512759
2740.000000 0.498908
2741.000000 0.501846
2742.000000 0.502307
2743.000000 0.497615
2744.000000 0.495274
2745.000000 0.518462
2746.000000 0.499449
2747.000000 0.499548
2748.000000 0.496481
2749.000000 0.511870
2750.000000 0.510314
2751.000000 0.515779
2752.000000 0.512652
2753.000000 0.503364
2754.000000 0.516524
2755.000000 0.523420
2756.000000 0.529733
2757.000000 0.526672
2758.000000 0.526523
2759.000000 0.523775
2760.000000 0.523528
2761.000000 0.536802
2762.000000 0.529410
2763.000000 0.526245
2764.000000 0.530677
2765.000000 0.530973
2766.000000 0.519452
2767.000000 0.529636
2768.000000 0.533093
2769.000000 0.526330
2770.000000 0.544913
2771.000000 0.546402
2772.000000 0.555163
2773.000000 0.554477
2774.000000 0.550262
2775.000000 0.548930
2776.000000 0.551850
2777.000000 0.564807
2778.000000 0.571093
2779.000000 0.570951
2780.000000 0.567842
2781.000000 0.565145
2782.000000 0.580669
2783.000000 0.589196
2784.000000 0.603146
2785.000000 0.603572
2786.000000 0.616671
2787.000000 0.613385
2788.000000 0.634171
2789.000000 0.642599
2790.000000 0.655605
2791.000000 0.653246
2792.000000 0.663917
2793.000000 0.654477
2794.000000 0.671302
2795.000000 0.683148
2796.000000 0.684124
2797.000000 0.687723
2798.000000 0.698727
2799.000000 0.695718
2800.000000 0.696089
2801.000000 0.697796
2802.000000 0.716031
2803.000000 0.694560
2804.000000 0.685601
2805.000000 0.684337
2806.000000 0.685908
2807.000000 0.695293
2808.000000 0.672528
2809.000000 0.656228
2810.000000 0.634904
2811.000000 0.629360
2812.000000 0.628344
2813.000000 0.617834
2814.000000 0.605723
2815.000000 0.606203
2816.000000 0.606676
2817.000000 0.590240
2818.000000 0.585208
2819.000000 0.587590
2820.000000 0.566522
2821.000000 0.558814
2822.000000 0.553643
2823.000000 0.542690
2824.000000 0.536502
2825.000000 0.537339
2826.000000 0.542031
2827.000000 0.534030
2828.000000 0.530114
2829.000000 0.511482
2830.000000 0.522620
2831.000000 0.522587
2832.000000 0.520990
2833.000000 0.507954
2834.000000 0.497638
2835.000000 0.518753
2836.000000 0.496921
2837.000000 0.495524
2838.000000 0.484371
2839.000000 0.497021
2840.000000 0.495701
2841.000000 0.496938
2842.000000 0.500165
2843.000000 0.489381
2844.000000 0.489052
2845.000000 0.498759
2846.000000 0.482446
2847.000000 0.498212
2848.000000 0.485957
2849.000000 0.485598
2850.000000 0.468115
2851.000000 0.479733
2852.000000 0.481609
2853.000000 0.474924
2854.000000 0.477211
2855.000000 0.463725
2856.000000 0.454975
2857.000000 0.445549
2858.000000 0.449380
2859.000000 0.452205
2860.000000 0.455863
2861.000000 0.468275
2862.000000 0.458873
2863.000000 0.451204
2864.000000 0.446957
2865.000000 0.464122
2866.000000 0.449172
2867.000000 0.438953
2868.000000 0.435909
2869.000000 0.448581
2870.000000 0.455374
2871.000000 0.432253
2872.000000 0.447326
2873.000000 0.437159
2874.000000 0.445309
2875.000000 0.423453
2876.000000 0.443386
2877.000000 0.424063
2878.000000 0.435954
2879.000000 0.433507
2880.000000 0.427693
2881.000000 0.438758
2882.000000 0.438431
2883.000000 0.418785
2884.000000 0.431678
2885.000000 0.433016
2886.000000 0.442645
2887.000000 0.422105
2888.000000 0.419485
2889.000000 0.422076
2890.000000 0.423048
2891.000000 0.419403
2892.000000 0.418662
2893.000000 0.426636
2894.000000 0.416696
2895.000000 0.421942
2896.000000 0.393688
2897.000000 0.397598
2898.000000 0.394561
2899.000000 0.413376
2900.000000 0.414506
2901.000000 0.403736
2902.000000 0.402208
2903.000000 0.401308
2904.000000 0.404515
2905.000000 0.406652
2906.000000 0.403773
2907.000000 0.409593
2908.000000 0.408396
2909.000000 0.404598
2910.000000 0.402645
2911.000000 0.391006
2912.000000 0.394375
2913.000000 0.391716
2914.000000 0.383921
2915.000000 0.378524
2916.000000 0.398030
2917.000000 0.390935
2918.000000 0.409653
2919.000000 0.399319
2920.000000 0.399642
2921.000000 0.422211
2922.000000 0.403885
2923.000000 0.402152
2924.000000 0.392804
2925.000000 0.400220
2926.000000 0.392410
2927.000000 0.406083
2928.000000 0.405490
2929.000000 0.414571
2930.000000 0.416838
2931.000000 0.413379
2932.000000 0.415200
2933.000000 0.412810
2934.000000 0.406665
2935.000000 0.420251
2936.000000 0.396347
2937.000000 0.401260
2938.000000 0.395684
2939.000000 0.399058
2940.000000 0.396431
2941.000000 0.402078
2942.000000 0.373466
2943.000000 0.395901
2944.000000 0.389356
2945.000000 0.400821
2946.000000 0.392975
2947.000000 0.384835
2948.000000 0.383488
2949.000000 0.392033
2950.000000 0.395034
2951.000000 0.400632
2952.000000 0.398987
2953.000000 0.372211
2954.000000 0.377780
2955.000000 0.368839
2956.000000 0.371260
2957.000000 0.389125
2958.000000 0.387853
2959.000000 0.377522
2960.000000 0.383388
2961.000000 0.375820
2962.000000 0.382910
2963.000000 0.411935
2964.000000 0.404453
2965.000000 0.389696
2966.000000 0.380686
2967.000000 0.382136
2968.000000 0.369437
2969.000000 0.390647
2970.000000 0.362965
2971.000000 0.367966
2972.000000 0.362305
2973.000000 0.369411
2974.000000 0.361706
2975.000000 0.369573
2976.000000 0.386826
2977.000000 0.369741
2978.000000 0.360650
2979.000000 0.371434
2980.000000 0.396032
2981.000000 0.385085
2982.000000 0.380223
2983.000000 0.377380
2984.000000 0.369093
2985.000000 0.353987
2986.000000 0.353643
2987.000000 0.366914
2988.000000 0.363728
2989.000000 0.366279
2990.000000 0.364962
2991.000000 0.378304
2992.000000 0.366664
2993.000000 0.358773
2994.000000 0.356426
2995.000000 0.365614
2996.000000 0.361128
2997.000000 0.374085
2998.000000 0.374953
2999.000000 0.357771
3000.000000 0.355917
3001.000000 0.344661
3002.000000 0.346581
3003.000000 0.359780
3004.000000 0.371592
3005.000000 0.369623
3006.000000 0.344938
3007.000000 0.342401
3008.000000 0.354559
3009.000000 0.355819
3010.000000 0.330182
3011.000000 0.363279
3012.000000 0.363029
3013.000000 0.345267
3014.000000 0.345550
3015.000000 0.349035
3016.000000 0.342065
3017.000000 0.336514
3018.000000 0.339901
3019.000000 0.340143
3020.000000 0.341307
3021.000000 0.330378
3022.000000 0.332058
3023.000000 0.324917
3024.000000 0.342016
3025.000000 0.350002
3026.000000 0.331227
3027.000000 0.336971
3028.000000 0.346277
3029.000000 0.355730
3030.000000 0.303212
3031.000000 0.313856
3032.000000 0.315851
3033.000000 0.331667
3034.000000 0.330532
3035.000000 0.320764
3036.000000 0.330926
3037.000000 0.327952
3038.000000 0.325815
3039.000000 0.329631
3040.000000 0.344915
3041.000000 0.346800
3042.000000 0.315195
3043.000000 0.333510
3044.000000 0.326369
3045.000000 0.329668
3046.000000 0.340473
3047.000000 0.324689
3048.000000 0.319991
3049.000000 0.319527
3050.000000 0.342362
3051.000000 0.322666
3052.000000 0.314069
3053.000000 0.319012
3054.000000 0.317178
3055.000000 0.330619
3056.000000 0.341014
3057.000000 0.347924
3058.000000 0.348149
3059.000000 0.324016
3060.000000 0.313352
3061.000000 0.305690
3062.000000 0.322102
3063.000000 0.317612
3064.000000 0.309939
3065.000000 0.334656
3066.000000 0.311005
3067.000000 0.333030
3068.000000 0.311710
3069.000000 0.330578
3070.000000 0.309110
3071.000000 0.303896
3072.000000 0.320380
3073.000000 0.333270
3074.000000 0.311505
3075.000000 0.321622
3076.000000 0.307256
3077.000000 0.315254
3078.000000 0.298561
3079.000000 0.328089
3080.000000 0.316560
3081.000000 0.323453
3082.000000 0.319842
3083.000000 0.325528
3084.000000 0.313735
3085.000000 0.302951
3086.000000 0.335969
3087.000000 0.327864
3088.000000 0.317262
3089.000000 0.336396
3090.000000 0.316588
3091.000000 0.330246
3092.000000 0.311307
3093.000000 0.322961
3094.000000 0.300460
3095.000000 0.299317
3096.000000 0.314578
3097.000000 0.324296
3098.000000 0.323426
3099.000000 0.324299
3100.000000 0.302087
3101.000000 0.293412
3102.000000 0.282900
3103.000000 0.296489
3104.000000 0.316736
3105.000000 0.322830
3106.000000 0.328313
3107.000000 0.324634
3108.000000 0.307267
3109.000000 0.302298
3110.000000 0.304214
3111.000000 0.318953
3112.000000 0.304503
3113.000000 0.300849
3114.000000 0.295418
3115.000000 0.293446
3116.000000 0.314368
3117.000000 0.298698
3118.000000 0.293698
3119.000000 0.335828
3120.000000 0.307125
3121.000000 0.327283
3122.000000 0.332314
3123.000000 0.309362
3124.000000 0.302375
3125.000000 0.275572
3126.000000 0.290619
3127.000000 0.303620
3128.000000 0.307084
3129.000000 0.318844
3130.000000 0.317549
3131.000000 0.317298
3132.000000 0.321713
3133.000000 0.273995
3134.000000 0.299899
3135.000000 0.289771
3136.000000 0.284395
3137.000000 0.302006
3138.000000 0.317012
3139.000000 0.283913
3140.000000 0.289938
3141.000000 0.301399
3142.000000 0.324026
3143.000000 0.269373
3144.000000 0.297756
3145.000000 0.289956
3146.000000 0.284089
3147.000000 0.293147
3148.000000 0.233842
3149.000000 0.256181
3150.000000 0.275293
3151.000000 0.266732
3152.000000 0.263399
3153.000000 0.272114
3154.000000 0.274909
3155.000000 0.236592
3156.000000 0.251656
3157.000000 0.261270
3158.000000 0.259680
3159.000000 0.260858
3160.000000 0.268499
3161.000000 0.292405
3162.000000 0.293880
3163.000000 0.279385
3164.000000 0.264037
3165.000000 0.259813
3166.000000 0.308003
3167.000000 0.247220
3168.000000 0.285008
3169.000000 0.277384
3170.000000 0.246969
3171.000000 0.268225
3172.000000 0.268878
3173.000000 0.258497
3174.000000 0.260345
3175.000000 0.219411
3176.000000 0.262229
3177.000000 0.264910
3178.000000 0.273262
3179.000000 0.296025
3180.000000 0.271424
3181.000000 0.222121
3182.000000 0.243306
3183.000000 0.260222
3184.000000 0.272698
3185.000000 0.332685
3186.000000 0.267924
3187.000000 0.267912
3188.000000 0.275890
3189.000000 0.279002
3190.000000 0.265131
3191.000000 0.263532
3192.000000 0.234871
3193.000000 0.205674
3194.000000 0.264596
3195.000000 0.243629
3196.000000 0.267162
3197.000000 0.267464
3198.000000 0.270497
3199.000000 0.226143
3200.000000 0.227694
3201.000000 0.307140
3202.000000 0.264821
3203.000000 0.299107
3204.000000 0.316765
3205.000000 0.256207
3206.000000 0.222053
3207.000000 0.270406
3208.000000 0.199347
3209.000000 0.225741
3210.000000 0.267042
3211.000000 0.266461
3212.000000 0.221061
3213.000000 0.330402
3214.000000 0.211880
3215.000000 0.243494
3216.000000 0.274887
3217.000000 0.224405
3218.000000 0.279373
3219.000000 0.237015
3220.000000 0.230044
3221.000000 0.264386
3222.000000 0.160766
3223.000000 0.196907
3224.000000 0.252319
3225.000000 0.252950
3226.000000 0.278129
3227.000000 0.266187
3228.000000 0.253489
3229.000000 0.203367
3230.000000 0.264796
3231.000000 0.261234
3232.000000 0.265617
3233.000000 0.189416
3234.000000 0.192897
3235.000000 0.231395
3236.000000 0.317342
3237.000000 0.312466
3238.000000 0.287590
3239.000000 0.307997
3240.000000 0.239454
3241.000000 0.170043
3242.000000 0.260349
3243.000000 0.221118
3244.000000 0.306157
3245.000000 0.213521
3246.000000 0.299070
3247.000000 0.289391
3248.000000 0.305744
3249.000000 0.224794
3250.000000 0.247776
3251.000000 0.269239
3252.000000 0.312135
3253.000000 0.312997
3254.000000 0.325002
3255.000000 0.325114
3256.000000 0.263433
3257.000000 0.335373
3258.000000 0.181960
3259.000000 0.248706
3260.000000 0.231220
3261.000000 0.203773
3262.000000 0.289144
3263.000000 0.370262
3264.000000 0.380526
3265.000000 0.303117
3266.000000 0.261127
3267.000000 0.284990
3268.000000 0.320675
3269.000000 0.432359
3270.000000 0.330445
3271.000000 0.144795
3272.000000 0.114741
3273.000000 0.297256
3274.000000 0.263572
3275.000000 0.158525
3276.000000 0.120086
3277.000000 0.129592
3278.000000 0.462129
3279.000000 0.329198
3280.000000 0.159641
3281.000000 0.278645
3282.000000 -0.040187
3283.000000 0.426027
3284.000000 0.090387
3285.000000 -0.118137
3286.000000 -0.191949
3287.000000 0.024826
3288.000000 -0.411088
3289.000000 -0.070854
3290.000000 0.604893
3291.000000 -0.529292
3292.000000 0.756336
3293.000000 0.498240
3294.000000 0.550105
3295.000000 -1.947594
3296.000000 9.725399
3297.000000 0.882530
3298.000000 4.114745
3299.000000 -49.092732
3300.000000 nan
3301.000000 nan
3302.000000 nan
3303.000000 nan
3304.000000 nan
3305.000000 nan
3306.000000 nan
3307.000000 nan
3308.000000 nan
3309.000000 nan
3310.000000 nan
3311.000000 nan
3312.000000 nan
3313.000000 nan
3314.000000 nan
3315.000000 nan
3316.000000 nan
3317.000000 nan
3318.000000 nan
3319.000000 nan
3320.000000 nan
3321.000000 nan
3322.000000 nan
3323.000000 nan
3324.000000 nan
3325.000000 nan
3326.000000 nan
3327.000000 nan
3328.000000 nan
3329.000000 nan
3330.000000 nan
3331.000000 nan
3332.000000 nan
3333.000000 nan
3334.000000 nan
3335.000000 nan
3336.000000 nan
3337.000000 nan
3338.000000 nan
3339.000000 nan
3340.000000 nan
3341.000000 nan
3342.000000 nan
3343.000000 nan
3344.000000 nan
3345.000000 nan
3346.000000 nan
3347.000000 nan
3348.000000 nan
3349.000000 nan
3350.000000 nan
3351.000000 nan
3352.000000 nan
3353.000000 nan
3354.000000 nan
3355.000000 nan
3356.000000 nan
3357.000000 nan
3358.000000 nan
3359.000000 nan
3360.000000 nan
3361.000000 nan
3362.000000 nan
3363.000000 nan
3364.000000 nan
3365.000000 nan
3366.000000 nan
3367.000000 nan
3368.000000 nan
3369.000000 nan
3370.000000 nan
3371.000000 nan
3372.000000 nan
3373.000000 nan
3374.000000 nan
3375.000000 nan
3376.000000 nan
3377.000000 nan
3378.000000 nan
3379.000000 nan
3380.000000 nan
3381.000000 nan
3382.000000 nan
3383.000000 nan
3384.000000 nan
3385.000000 nan
3386.000000 nan
3387.000000 nan
3388.000000 nan
3389.000000 nan
3390.000000 nan
3391.000000 nan
3392.000000 nan
3393.000000 nan
3394.000000 nan
3395.000000 nan
3396.000000 nan
3397.000000 nan
3398.000000 nan
3399.000000 nan
3400.000000 nan
3401.000000 nan
3402.000000 nan
3403.000000 nan
3404.000000 nan
3405.000000 nan
3406.000000 nan
3407.000000 nan
3408.000000 nan
3409.000000 nan
3410.000000 nan
3411.000000 nan
3412.000000 nan
3413.000000 nan
3414.000000 nan
3415.000000 nan
3416.000000 nan
3417.000000 nan
3418.000000 nan
3419.000000 nan
3420.000000 nan
3421.000000 nan
3422.000000 nan
3423.000000 nan
3424.000000 nan
3425.000000 nan
3426.000000 nan
3427.000000 nan
3428.000000 nan
3429.000000 nan
3430.000000 nan
3431.000000 nan
3432.000000 nan
3433.000000 nan
3434.000000 nan
3435.000000 nan
3436.000000 nan
3437.000000 nan
3438.000000 nan
3439.000000 nan
3440.000000 nan
3441.000000 nan
3442.000000 nan
3443.000000 nan
3444.000000 nan
3445.000000 nan
3446.000000 nan
3447.000000 nan
3448.000000 nan
3449.000000 nan
3450.000000 nan
3451.000000 nan
3452.000000 nan
3453.000000 nan
3454.000000 nan
3455.000000 nan
3456.000000 nan
3457.000000 nan
3458.000000 nan
3459.000000 nan
3460.000000 nan
3461.000000 nan
3462.000000 nan
3463.000000 nan
3464.000000 nan
3465.000000 nan
3466.000000 nan
3467.000000 nan
3468.000000 nan
3469.000000 nan
3470.000000 nan
3471.000000 nan
3472.000000 nan
3473.000000 nan
3474.000000 nan
3475.000000 nan
3476.000000 nan
3477.000000 nan
3478.000000 nan
3479.000000 nan
3480.000000 nan
3481.000000 nan
3482.000000 nan
3483.000000 nan
3484.000000 nan
3485.000000 nan
3486.000000 nan
3487.000000 nan
3488.000000 nan
3489.000000 nan
3490.000000 nan
3491.000000 nan
3492.000000 nan
3493.000000 nan
3494.000000 nan
3495.000000 nan
3496.000000 nan
3497.000000 nan
3498.000000 nan
3499.000000 nan
3500.000000 nan
3501.000000 nan
3502.000000 nan
3503.000000 nan
3504.000000 nan
3505.000000 nan
3506.000000 nan
3507.000000 nan
3508.000000 nan
3509.000000 nan
3510.000000 nan
3511.000000 nan
3512.000000 nan
3513.000000 nan
3514.000000 nan
3515.000000 nan
3516.000000 nan
3517.000000 nan
3518.000000 nan
3519.000000 nan
3520.000000 nan
3521.000000 nan
3522.000000 nan
3523.000000 nan
3524.000000 nan
3525.000000 nan
3526.000000 nan
3527.000000 nan
3528.000000 nan
3529.000000 nan
3530.000000 nan
3531.000000 nan
3532.000000 nan
3533.000000 nan
3534.000000 nan
3535.000000 nan
3536.000000 nan
3537.000000 nan
3538.000000 nan
3539.000000 nan
3540.000000 nan
3541.000000 nan
3542.000000 nan
3543.000000 nan
3544.000000 nan
3545.000000 nan
3546.000000 nan
3547.000000 nan
3548.000000 nan
3549.000000 nan
3550.000000 nan
3551.000000 nan
3552.000000 nan
3553.000000 nan
3554.000000 nan
3555.000000 nan
3556.000000 nan
3557.000000 nan
3558.000000 nan
3559.000000 nan
3560.000000 nan
3561.000000 nan
3562.000000 nan
3563.000000 nan
3564.000000 nan
3565.000000 nan
3566.000000 nan
3567.000000 nan
3568.000000 nan
3569.000000 nan
3570.000000 nan
3571.000000 nan
3572.000000 nan
3573.000000 nan
3574.000000 nan
3575.000000 nan
3576.000000 nan
3577.000000 nan
3578.000000 nan
3579.000000 nan
3580.000000 nan
3581.000000 nan
3582.000000 nan
3583.000000 nan
3584.000000 nan
3585.000000 nan
3586.000000 nan
3587.000000 nan
3588.000000 nan
3589.000000 nan
3590.000000 nan
3591.000000 nan
3592.000000 nan
3593.000000 nan
3594.000000 nan
3595.000000 nan
3596.000000 nan
3597.000000 nan
3598.000000 nan
3599.000000 nan
3600.000000 nan
